-0.000361271571756968 -0.0353577849944417 -0.0376630090266145 -0.000813279865309582 -0.0433616539551629 0.0158897372827 0.0318093547487269 0.0575731125531422 0.0858556221059402 -0.060438434612293
0.0058776733486839 -0.00240071573599243 0.0190462652592232 0.032014306483884 -0.00498497563182417 0.0189762691268612 0.00301276993866244 0.0300202299604562 0.044744670376332 -0.0172677558421751
0.0372420540137445 0.0561434765976674 -0.0501512215189542 0.0256082012236597 -0.0264934510035974 0.00612973705152029 0.0191696050765516 -0.0410680684370878 -0.120251522412372 0.103409308450906
-0.155507820236751 -0.0256989527765528 0.053081472046929 -0.0737618050438307 -0.00182390813174271 -0.0310185971696544 0.0675704921790076 -0.0518739654154811 0.0440729045964243 -0.000391459233434683
-0.0798225504663252 -0.0604212752165566 -0.0452679087472081 0.0748660187911012 0.00376973561444852 0.105968925106954 -0.0980637002063491 0.134054589824332 -0.0698278686425409 -0.0666264503784095
-0.0274375230040027 -0.0443835465583416 0.0981866117789206 0.0745811532876281 -0.0605551444858212 -0.0205038149904121 0.0582865146801692 -0.0326132257307279 -0.0943048423507137 0.110407085050207
-0.0870170232588698 -0.0886900771073135 0.0320428950783961 0.123784902968585 0.104630925582905 -0.071448831516216 0.105268328815514 0.0117756864701824 0.031468478516845 -0.0227380459650901
0.034908210817543 0.0480829817840622 0.0238888601503032 -0.019897923048117 0.0123748040587187 0.00761343523779245 -0.114852860509003 0.0463895208208853 -0.00934678515429121 -0.0651408376768718
0.0133592068422087 -0.0241839302020553 0.0127335243868305 -0.00867530324626502 -0.0447035208666021 0.120113720412987 0.00259561765585935 -0.0135843198653733 0.0683914325627379 -0.00430855475266893
-0.0461310776352841 0.0868935267893511 -0.0291966226170793 -0.0753591835577037 0.0848475425805503 0.00411515224643896 0.0186811549965703 -0.0672276448021085 -0.0756938857139894 -0.0538709641574926
0.0189539188678567 -0.0300298767240151 0.0105096296318913 0.00126142839121279 0.0754926670126054 0.0337329730498813 0.0211906701224935 -0.0156124187081994 0.0693924964739772 -0.0357810670933985
-0.0033718273448973 0.0879213648960862 -0.0342080050762352 0.0439898244524604 -0.0603190124204773 0.0866682677710874 -0.0395924517349433 -0.0110594770350971 0.00858926293877165 0.0267462326803399
-0.0271355841957081 -0.00295288918908494 -0.0590119937234939 0.0896117017250191 -0.0225954708592016 0.00753551908125508 -0.0365637409820462 -0.0184252168152553 0.0768662378996994 0.0247701042872954
-0.0742835086420006 0.0546445877752317 0.035032030689437 0.0627278171957556 -0.0389079385384075 -0.106784033080811 0.0640367154915874 0.111816013521919 -0.0120038595242748 0.0238044027615748
-0.0604469437283074 -0.0411967623547189 -0.0396973491090894 0.0130050586516621 -0.0397431759734789 0.0314349201232696 -0.0502889513177564 -0.0368852198158306 0.0231333047604072 -0.0701269669719621
-0.0458364800573511 0.00738868444567021 0.0390110745610447 0.0445994636911431 -0.026183053421681 -0.0406675048572342 0.0945091526088598 0.118778247419097 -0.0912378569469707 -0.0721584271744293
0.045545782262113 0.0333006795319874 -0.0662528864204253 0.017414848433398 -0.0664132531416108 0.0603886351637713 -0.117292207444158 -0.0239882201816737 0.0758967807951624 0.0301504990347768
0.0103920869410418 -0.157382581059976 0.0587372425933812 0.0271674022601192 -0.0502986833141193 0.0914709463622017 -0.102431196503344 0.0231539044034942 0.0576417265535287 0.0368819315212028
0.0397023015843666 0.0778056779741077 0.0138548069509835 -0.0510562915402466 0.0403525463352091 -0.0572320582218784 0.106776920781568 -0.151887800584684 0.0122935024609175 -0.0584614000455934
0.00354093522239652 0.0372113403004234 0.012027274780921 -0.00186503209228281 0.0318857828471154 -0.0619691954961977 -0.0213386158283742 0.00921932364171989 0.0120060552536777 -0.0373307671158503
0.0313166528841202 0.000377083877228506 -0.0406341860710025 0.0319191481533311 0.130054968436963 0.0838743638474529 -0.0511803711374 0.181860022235512 0.0850116228959048 0.0865136163693113
-0.0496735959309853 0.0298426897129092 -0.0277828179695934 0.102236496457143 -0.00854515188737292 0.184970786250925 -0.0719401793968853 -0.0992012766908644 0.0652780896368992 -0.132077180888325
0.0155828347709977 0.0128155488762499 -0.0533946627978057 -0.104909380856415 0.0403975521028074 0.0453571987386809 0.0436544705899041 -0.0802532136497293 0.00406334914329847 -0.182834363568473
-0.00888603381564911 0.02419382910661 -0.0630427591455811 -0.08317480368101 -0.0393506664166816 0.00445330352879442 0.0484233254885795 -0.0671641855172524 -0.0932610981483827 -0.0843336356137536
0.00110210793059198 -0.00812646342200041 0.0305499448435511 -0.0475880516340996 -0.0400489432528757 -0.0239775870015467 0.000395880076920134 0.0154147149786864 0.0605318581903198 -0.0631657941930524
0.0202098856692007 -0.0165110898156677 -0.0818950595667353 0.0174122828381458 0.114855616085014 -0.0235515824394762 0.082167668144765 -0.00345932459438203 0.0477508110843862 0.0431173809522638
-0.115905124837194 -0.0701375267514344 0.0438948372188714 0.0418658993488387 0.0325977862522089 0.0578435322921809 -0.042235695515187 0.111411114369514 -0.00988283924045839 0.0348015771769748
0.0437984566793556 0.0650888524915976 -0.0800246509459003 -0.0239343084748379 -0.0972504347472751 -0.0678146386475266 0.0151841774447456 0.0470339793184058 0.0307142814568659 0.044973527408357
0.0256848281451784 0.0787758637613358 0.163398014176621 0.0186587466205283 -0.0335506436318787 0.0616117786383715 -0.0346402402033247 0.0356664498616648 0.150226241344584 -0.0209838521672667
-0.228183019292982 0.0163821490382859 -0.0147380683165859 -0.0309561545608321 0.0822904322630719 -0.0187317986728221 -0.0437163456364073 0.107196942356845 -0.0925277892125704 -0.0315962977654602
-7.02371779808516e-05 -0.071091667320484 0.0662227645131777 0.047416355517828 0.0391503853289451 -0.0240895754922703 -0.0477265093311291 -0.0211064793289915 0.179445695879269 -0.106274374915269
-0.076542590942044 0.00730247755422856 0.107498912947744 0.177348827923759 -0.0121408425088245 0.04026142897984 0.092990159194768 -0.113557038727722 -0.141559920326253 -0.126681485047411
-0.00991666921137387 -0.00711291153182202 -0.0487758494671515 0.0923580579261763 -0.0877080557779701 -0.0520591231434896 -0.0390647326518302 -0.014633731542557 0.0432115127861357 0.0672386311525135
-0.0683343511610534 0.019477975922318 -0.0137514487624884 -0.0268089271850589 0.000738591184752143 0.0468324998974585 -0.0569234459622257 -0.128967596681444 0.0473561473870982 0.0341479034516663
-0.0303264945834027 -0.109478185810746 -0.0913596733411715 -0.0412600804918518 -0.00797287862252172 -0.0238453225192708 0.0519611887858515 0.00103863501013683 0.029865435047722 0.0670796900182422
-0.02113667733587 0.0100509217919275 -0.00664163717813669 -0.0284145447623092 -0.038127544867794 -0.00880554617722958 0.0252772208620683 -0.0431067503090338 -0.0453565249093841 0.109206757165595
-0.00389852414036176 0.000303610411315157 0.059597679405032 -0.00674418895118418 -0.0117918785274061 0.028596973859767 -0.0363287439649111 -0.0443658905576519 -0.0111422449255845 0.0511778395923504
-0.0937486579348467 0.0405805419783679 -0.0312620220636299 0.00965399833260761 -0.0639960789296967 -0.0339576344114719 -0.00221560847403508 -0.00441279473310521 0.0895002449481313 0.0273988730864424
0.036921772805593 -0.0491940445321763 -0.0841137525695083 0.0155236795375857 0.159156038093933 0.142940305226939 0.04006104293764 -0.0612675104562522 -0.0672308026465761 0.163189078402697
0.0632357340930472 -0.0010391791483202 -0.047798232398683 -0.156438431919822 0.0817493835394303 -0.0393038562341922 -0.0248268232095554 -0.115192526813244 0.0678587386421333 -0.0487372625240522
0.0496389701998171 0.0435046194405247 0.0166184426019642 0.0326502931414448 0.0279376808286969 -0.0412151803509035 -0.10598792555758 0.0158983684228392 -0.0262685195209014 0.0343466237624556
-0.0452133976869032 -0.0314076515129652 0.049946029679752 -0.0733514577506014 0.0481214804835144 -0.0114417597047025 0.0429258180465879 0.12113840101012 -0.0551822693550639 0.0401029753485984
-0.0625095652261302 -0.0293600563015695 -0.00430132043372 0.0345255445898625 0.00608037784638483 0.031755684846578 -0.0194575592195997 -0.0905845845577107 0.069578323880291 0.0576741786318581
-0.0642867921789675 -0.00424901193048833 0.00284214397847219 0.0433248678811735 0.0166473824183561 0.0396918754184208 -0.0677960714844123 0.0539803499581113 -0.0448315079560638 -0.00926701378117381
0.185828022463827 -0.0195269690860725 -0.0689072311833633 0.0446874036761463 -0.0468081297834913 0.0314570239914107 -0.0101654157466681 0.0272541135453667 -0.0429174120928183 -0.0227295157948968
-0.0417956216991386 -0.0246661777924164 0.0110570851498519 -0.0307017255843682 -0.0180803877483461 -0.042431375801505 0.0396799397826861 0.0188397244781405 0.0253837480574836 0.0234344974688956
0.0023984093507185 0.00563636766134048 0.0170020202644538 0.0350085238753642 -0.0668205006797821 0.0506126129536021 -0.0407322600073446 -0.00319819446903875 -0.0844933212592151 -0.0257584883765501
-0.0537499249384841 0.0530383925890173 -0.0610116023897909 -0.051177065045342 -0.0225065573799159 0.00193886288102964 -0.00344449027064824 -0.0387897516019623 0.0347175425100723 0.000882751438883981
-0.021980750616009 0.0468182442213356 -0.0224068295511741 0.0626808222714346 -0.0101968558364667 0.0617267505896847 -0.0180448618261856 0.0713150767647742 -0.0220440821301559 0.0176228921017044
-0.0454914179815841 0.0744299268217744 0.0284664593161407 0.115962732044372 0.272865176357056 0.0419719352164997 -8.73273496823702e-05 -0.0346453276075087 -0.0530005826134547 0.0421853896346805
0.0825351742111657 0.0117126265061497 0.148313693781251 -0.0311007279436816 0.0268686682572305 0.0160213773014069 0.0444339836024072 0.0563604545709127 0.0457130437575572 0.0622351458493306
0.0444158152419835 -0.0283167614107656 0.0376996872730923 0.183095385019843 0.0514886917887339 0.0339026780080407 0.0603333515057508 0.0128515998882614 0.0016834775285261 0.0456001761494681
0.0503324629723645 -0.0308983440154168 0.0205169896185428 -0.0436494521404938 0.0325348967319747 0.0330446505976572 -0.0504100245599901 0.0327851864755705 0.0510102800453746 -0.0292413900360722
0.00346938828544596 -0.0726072245012936 -0.0937805389583218 0.0413480182562373 -0.0629078316963824 0.0325106007501525 0.0158517258261985 0.0690973324814268 -0.0455215273064164 0.00912195502440703
-0.0103360463581389 0.0587022803638814 -0.0375829579018833 -0.00207775451974168 0.0526227671158864 -0.0265392254244339 -0.0965588406777832 -0.0542455638990058 -0.0355878935587077 0.0594238388076969
-0.0426017253429075 -0.0353861587760491 0.0223189408366602 -0.00401994383231487 0.0656892595521677 -0.000321253402344493 0.0735440759471744 0.0264785482643437 0.0875050202338466 -0.0602257078030569
-0.0765437023693785 -0.0441875292396028 -0.00376611709220191 0.0202794896382773 0.0424515007589515 -0.0245371144119246 -0.0893410523875187 -0.0182667028706002 0.14868688045118 0.0304491596000852
0.0531267488471165 0.0148027985006367 -0.0372871237611183 -0.0484003135911444 -0.0106093182519398 0.043478729127755 -0.0177953048853491 0.00161188162767812 -0.00505094823675418 0.0364443514948518
0.105402382669707 0.0545613906535362 -0.021596848009651 -0.007408542940411 0.0568631535549185 0.0122700218544568 -0.00886600428010068 -0.0241020053553245 0.0266331814709658 -0.040347927841997
-0.00622662088511379 0.073112557923121 -0.00336992107588146 0.039366199596775 -0.102559972559942 -0.0372358936583858 -0.0867240504195662 -0.0371133324379418 0.0080829937803719 -0.020939548045679
-0.036137081424941 0.0433215747344553 0.0294854750798491 -0.0268756490205487 -0.0160736158622176 -0.0201457509810197 0.0288795217547916 0.0332623604675569 -0.0361785979286637 -0.0166808343564153
0.032591029131089 -0.0420650228009888 -0.0666090957780411 -0.0712415139681466 -0.0933771969327547 -0.0157629020670496 -0.013677637892512 -0.0912507737739124 0.0331731592878179 0.0549457675891156
-0.0496908577915192 0.0496327421722042 -0.123201657684709 -0.0457611569433658 0.0163771124965404 -0.0479670191031177 0.030847478919078 0.0419751952091735 0.024342618440857 0.0612167804092706
-0.00833163670363544 0.0110177433527877 0.0262621150560927 -0.0243420836575963 -0.0362609197785436 -0.0103638660666008 -0.0275042692705271 -0.0377982505002629 -0.038298729999769 -0.00168701495247116
0.0305213467245499 -0.0141924883760058 0.0312921627719688 -0.0490073073675803 -0.120012976482497 -0.177778962677489 0.0050917018761895 0.0430451102044218 0.00773453582999689 -0.131039182299214
-0.000863875499193221 -0.0173276094335439 0.0867791914537978 -0.0532494012464857 0.0530912292068174 -0.106155943530284 0.0212028586737488 0.0578939802730248 0.00374354852068828 0.0206271831956199
-0.0230235635637289 0.0380992070405791 0.00302440972865333 0.0113244053564387 0.0198438134989934 -0.000282201638618742 0.0902159539548859 -0.00896814825560584 0.108999338890087 -0.038524935693089
0.0171467679666318 0.0695442668524003 0.0029822474373625 -0.0298924288100058 0.0801725722618732 0.0686936577769345 0.0454513699908609 0.0529812087491869 0.023048204791606 0.0116755707733022
0.0829114848440222 0.00529998124725745 0.124169173914116 0.0248176776695032 -0.0761305100856089 0.1107396568723 0.0480950035735765 -0.0289026123917369 0.0821960580137586 -0.148442930951817
0.0498285499612441 -0.080756702037377 0.022880494633718 -0.0857245087555436 -0.13713042312616 -0.00207315360378478 -0.0228337855118117 -0.0598092319218121 -0.085332293695908 -0.0923096855244643
-0.0193982596828556 0.0519253909552 0.0193538133106347 0.0419815017707931 0.0277932084071431 -0.0197352947849006 -0.0110238302956577 0.00970371361645523 0.0594558405428399 0.0223043815650572
0.0373670781040764 0.100174196496434 0.141646994555242 -0.0325703749983899 -0.0394380614130334 0.0022297022057878 -0.0899744737042083 0.0823156787969737 -0.0474865340776584 -0.0291996304896981
0.0628105808029752 0.0169964002535737 0.0788898113623139 -0.00382298028701334 0.0469424757208476 -0.00585091748342347 0.0500391633462089 -0.0302118544741572 0.0496609096697364 -0.0565726598378408
0.00127660389646936 -0.074839834163628 0.0785613863833745 -0.0228663125040968 -0.0606449024128587 -0.100836410517591 0.0176492202367383 -0.0186978277191125 0.0635452381314417 -0.0275889959151289
-0.0144410683721872 -0.0055378845409675 -0.0962543590979755 -0.0170920874696 -0.0403628223845243 -0.0520255312755612 -0.0432631993615946 -0.0528170124033473 -0.00255799682867961 -0.0723247785198312
0.00722229718598604 0.0217239140207793 0.0871070876919616 -0.0472922761086318 0.156069648535491 -0.0556014168825517 -0.020153642022727 -0.087904291719957 -0.00871397649706108 0.0446326011393671
0.040668767665084 0.0395334143654829 -0.113469186355123 -0.0199853638444747 0.0698375603766113 0.0737337409254191 -0.164596070350829 0.0727879074489242 -0.00710312717677814 -0.0201109490873449
-0.0818706888108945 -0.0111322248267487 -0.0354511486575437 0.0835337340931806 0.0219981522516955 -0.0746883104069227 -0.00955803212762718 0.0244976569848182 -0.0894921655326093 -0.0516397827565008
0.0110672520479414 -1.6278391434835e-05 -0.0288975363312264 -0.0493746448386342 -0.0221621846077966 0.0184737664997738 -0.0561209813384714 -0.0153043735270773 0.0188254864187787 -0.0273706744343192
0.0560605306751206 0.0110285763819393 -0.0389280637659146 -0.00881678918335515 0.00606731736157329 0.00209184162067546 -0.0278981832396075 -0.0214507580947377 -0.0271559072718759 -0.0417506452378005
-0.0278906872749204 -0.11015860331355 -0.0286860984832612 -0.0361772221677887 -0.0824543197197743 -0.0271004802848526 -0.0226698684929057 -0.0405650750918652 -0.0449816337382821 0.107812639046092
0.023484782553494 -0.059605395772937 0.0286934692625481 -0.0919517349191579 0.09984622483356 -0.0462795629525137 -0.0279567673415201 0.0550744405773443 -0.105705319295461 0.0761047254082714
0.0251263377617912 0.0438328479929588 0.0934042711376717 0.0817671376875741 -0.0182559952755506 -0.0491197782099992 -0.0167031880700954 0.0177014062642157 -0.114003636849528 0.0699803810521425
0.0480614870672703 0.0605579702505743 0.0503217140885329 0.0733124750377728 -0.0377858566564025 -0.0131774151355005 -0.0023311045984089 -0.045082217293783 0.0494532262943996 -0.0382497233107302
0.0550045647740203 -0.0305507266098901 0.0173782071792786 0.0265162631235243 -0.071229939630064 0.00625690268582074 -0.0731009916071235 0.0367496618932024 -0.0691845793768151 0.0237472954406532
0.0529469602153198 -0.0154564729005891 0.0310866301914497 0.0151403283479541 0.0316980180849367 -0.0750786647812354 0.0207064046490886 -0.0519832613516965 -0.014611183227219 0.0400751617591663
0.0150057712287857 0.00820581875389668 -0.00493641339000233 0.0284347248754518 0.00617742801766385 0.0422005888251626 -0.0192614140715146 0.0318463998019561 -0.0529611728657129 -0.0327371387727321
-0.0239993066750013 -0.0280264936316738 0.00741166390206727 0.00629481964723555 0.0413375721621832 -0.0285452652261079 0.033943598420455 0.0158394865402954 -0.037815969561097 -0.0360094665623507
0.0919384114424984 0.0733898379615396 0.0700639839514551 0.0278646696653744 0.068955875332818 -0.055856927678359 0.0973380653808701 -0.168051811563208 0.0235262347357683 -0.0412384058764901
-0.0216258195832115 -0.0524046164311935 0.007822721195027 -0.0836756216187069 0.0362430656976347 -0.0180947604463635 -0.0495582429433316 -0.040749049431073 -0.039144374920771 -0.00762732114954877
0.0478636306467981 0.0324494604633363 0.0946163560297218 -0.0971327416399813 -0.0829107583300155 0.0279235056095473 -0.0177002520041801 0.0335665984614373 -0.000222575577189769 0.0100455775446924
-0.0033108047846859 0.0967742705184367 -0.0671166297208336 0.0946633708950939 -0.0204446693492663 -0.0617723884612322 -0.0534368096335312 -0.00154087615010052 -0.0402726309366625 -0.0287244446057802
0.000398248489861154 0.0481460944717231 0.0407258126162249 0.0588346908060703 0.0416781655344026 -0.0344260903260816 0.00580647538892802 0.0334271015175972 -0.0479821926705518 0.0210509391241831
-0.0177774435792311 -0.0383030476018659 -0.00607060788250894 -0.0210687964957309 0.0289520758531812 -0.0109784094684336 -0.0127101380831822 0.01781262883365 0.0237263661711193 0.00593789435105095
-0.0848714444552907 -0.00451829552804748 0.0306303086114154 -0.0844931860406094 0.0170098725191953 -0.00770728584785777 -0.0161748071055491 -0.123490519664903 0.0637507811258939 0.0958768631127895
-0.0499004372052145 -0.0569997440366341 0.0469017188004005 0.0540051301059043 -0.0685616296852171 0.00126877197817509 0.0728744144650465 0.00852563128749484 -0.00311487278788511 0.038633005199481
-0.0700623472138978 0.0133143445387099 0.0094150739215748 -0.000710032747926458 -0.0522376870340854 -0.0606923114774312 -0.054500319830306 -0.0547546321396873 0.0746743823035839 0.0522102213295098
-0.0691589461309766 -0.0256225278629545 0.0652668384705236 -0.0966224413076194 0.10573917561928 -0.0351903686400624 -0.0701029052506766 -0.00333446310696577 -0.0438933667534995 -0.0360628456069259
0.00340472921842084 0.0958179919614202 -0.0302175132135375 -0.120148625732494 -0.0546504064725437 0.034164371291032 -0.00794169195372534 0.0568932498481423 -0.0283285507854738 0.0943228072547662
0.0366928817303883 -0.283402058526986 0.0998883358923292 0.0195100656994457 0.0918115269404828 -0.0772726939194465 -0.0708851448622677 0.00911740146722789 -0.0183894172730148 0.0910801882014395
-0.0202406178050848 -0.0938130628952603 -0.0715511631035519 0.0224082946669956 0.130300415347726 0.0284736028848232 -0.0246772125054235 -0.100332480719081 0.00463558621894443 -0.0566739949640171
-0.00121744377526175 0.007997647220526 0.00282010432383938 -0.0015590455520302 -0.00106354510088412 -0.00716759734024459 -3.40296394645251e-05 0.0647982891666166 -0.036011209892138 0.0192298555642839
0.0514287342871335 -0.0326223323794499 -0.00785597059801721 0.0352780623561175 -0.0185295619042604 -0.0116147869735007 -0.00533285887606064 0.00578884725247687 -0.0256370241038669 0.0351455693782357
-0.00639628984303914 -0.0117786271558524 -0.030986306356946 -0.0273390100652584 0.00466370857264631 0.0145527373340255 -0.0561266387221357 -0.0901170797797304 0.0176130593495016 0.0470956142527823
-0.0479127275214569 0.0733097663749441 0.0857168539092878 -0.0403267406695157 0.0840308704991436 -0.0107348606267387 -0.15935895655286 0.0148144915696836 -0.0976766939526564 0.0373637406503331
-0.0150017943042654 -0.0305995361090749 -0.0315515304061669 0.0954677375794761 0.057708884163367 -0.04711673948472 -0.151769657259714 -0.0281531634439314 -0.0832357979078761 0.0383382959748602
0.03163493179398 0.00283313758204665 -0.132275958627869 -0.0192665069419394 0.134257010955605 -0.0703843474027589 -0.0433096535223341 -0.0529322236090052 0.0383655057582277 -0.00165114715352149
0.0737336416602406 0.01271084214617 0.0126268844534877 0.0217228506500311 0.0139182803360941 -0.0559553824936821 -0.0264951024658997 -0.0103125184828796 0.0189202648677301 -0.0486500080812606
0.105288243966257 0.102893094838277 0.00373948998687514 0.153571512170168 0.0530813706102526 -0.000113793539951855 0.0689722693012703 -0.0519965856922821 0.042618096606195 -0.00849807383191701
0.099572306455735 -0.0308912634181149 0.0299671201080635 0.0797808401290285 0.0627468212975206 -0.100724974877102 -0.0858041692139865 0.0110533081380718 0.0813722362746212 0.0189368215304684
-0.0232906132736987 -0.02110311609221 0.00771590817240134 0.0958860625083184 -0.114857348239429 0.053668630543035 0.0260898924556053 0.116148823380195 0.0547138596367082 -0.0724985442722052
0.0354260806577157 0.00640760779443587 -0.0345450704069222 -0.019985054903794 0.00421801379964386 -0.0358888368565517 -0.0194366500499382 -0.0596761261425385 -0.0870080794956307 -0.0622222813067544
-0.0479160505142359 0.0376688693161279 0.0273277935482524 -0.0518727224849846 -0.0769041209270857 0.0751370418778342 -0.0234554646659781 0.0690481466174416 -0.0326567546901136 -0.0297159738573637
-0.0442720663865358 0.0183704942153007 -0.0296154365588267 0.0303458642362823 -0.017860155320829 -0.0696785590939739 0.0153251670244651 0.0219198099057991 0.0362135639072199 0.0411226886360391
-0.00701124434223652 -0.00360724771525584 0.0234542893188362 0.0319815370214539 0.0618042918952451 -0.0668356046373832 0.00977388058070403 0.0233958571535627 0.0897478504098567 0.013784754865336
-0.0122884466206038 -0.0558111272878245 -0.0756901999740998 0.16961693728058 -0.0503355022517941 -0.0985011596019289 0.00769405642068742 -0.14621871693068 -0.127179503470815 0.00846213782956383
0.0608299491598527 -0.0820347160915942 -0.0451602948992934 0.0597653805275333 0.100700094156485 0.000163312695777788 0.0230047416670652 -0.0912841796245844 -0.00515716217540942 -0.0236694075073876
-0.0848723603997958 -0.0235122496990489 0.00874740212474335 -0.0517296265608178 0.0144308815426025 0.120357618186598 -0.0253482122837832 -0.0497754865930958 -0.0679011737105336 -0.0207750531897074
0.0615681645535598 0.0134625574320225 0.0911447898313042 -0.00579895092174982 0.0486574970299005 0.1104600583598 0.0626862436416973 -0.0279209275882407 -0.0535127015067228 0.0699014126600782
0.010454192835315 0.0177092093312492 0.028616456375362 -0.0713870932374521 0.124695492084835 0.0324260564824917 -0.0341110442190752 0.0234817816800184 0.0498011518422265 -0.0933202675473414
-0.00704001431700393 0.0129154181635998 0.00364471427757149 -0.0596275864440174 -0.0533488352120261 0.0341493471218406 -0.00254657402904155 -0.0419979729320324 -0.00602351441544546 -0.0353287238927919
-0.0703228971105479 0.166644900338526 0.0927852026538707 0.00959119582713772 0.0548909468405278 0.0296595595835842 -0.0703413202845485 0.026413071752637 0.00590556994011402 -0.108960304543853
0.0377768224783955 -0.0581836695320067 -0.0132212870590091 0.0695280160926423 0.0177344581921075 -0.0991532209210272 0.0262305547229661 -0.0114574764133118 0.00518538325956764 -0.0788362719256959
-0.106047316922299 0.0447053072049966 0.0646204971112433 -0.0242039992418311 0.042299723724258 0.110877838841335 0.0524854358601867 -0.00521716132874873 -0.0152759340776923 -0.0427610593608252
-0.000608270291604833 0.00245101639473751 0.0101658124005003 -0.0531287474839427 -0.0099866090188179 -0.00686572458911663 0.0221243771453715 0.0272061117221682 0.000770761800223478 0.0383086021588263
-0.0528974610109854 -0.0731911008427185 0.116057429860031 -0.0840325553218898 0.0481968943118908 0.0858103359542849 0.0452716716914489 -0.0401453703428538 0.0168899812138402 0.00167346056051718
-0.0630854650278932 0.0108156895170211 0.0374907755682976 0.0224056676724701 -0.0662543159296062 -0.0371264276032509 -0.030249409496103 0.0146594467549613 -0.00696968784989782 -0.0540723059418147
-0.081843014606394 0.102860913487799 -0.0085657018273193 -0.0406228717948307 -0.0648876756032437 0.000654881719436918 -0.0403538421378759 -0.0526460718698412 -0.0635163452130847 -0.0168156187319312
-0.0506359244655788 -0.104996694236648 0.118293977281582 -0.0400645521859583 0.0238888428428886 0.0985241562937672 0.106138871922089 0.026934457237757 -0.012846054676117 0.117770568312954
0.0512454273232144 -0.0347181961298986 0.0321432756416586 0.0595463773409287 0.0530224741785484 -0.0319379969205486 0.0104428746814006 0.0116177312838677 -0.0200648355268967 0.0487708338207097
-0.0875001653247404 0.115745822105208 -0.0176755785669098 0.0793997062394361 0.0698550626581855 0.0785848092448825 0.0222782912580951 -0.0325138580091733 0.0488478129957994 -0.0976550996801402
0.0344592836092782 0.0306117935113275 0.0264346100564162 -0.0416469656824734 0.0524804878902934 0.0703786019834889 0.0388494907226822 0.0304691951650345 0.108175859220165 0.000377291207316037
0.00919990853458564 0.0325590148002523 0.0764864986747797 0.0779650211711092 -0.0285527964526812 0.0146282388624878 0.0153338942467453 -0.0676319102982417 -0.0426932795399306 0.079930386091164
0.0281220831418564 -0.0610473441684622 -0.0015552828225665 0.0191700139335327 0.0119195593449106 0.0219901100202103 -0.0439219756082025 0.0071337802298811 -0.00136161098792503 0.00187389764916201
-0.024017739676536 -0.0434543299779431 0.0141948463076642 -0.0609208936783886 0.0281580002489932 -0.00350525352282383 -0.0371060854370115 -0.0756560196368369 -0.0172514389994322 -0.0133410267765142
0.0403295934693721 -0.0101463769334447 0.0218811957422874 -0.00651958320336926 0.0302967572343529 0.03872398100031 -0.011644315401396 0.0482664586549319 0.00368112489922144 0.0667743335421031
-0.133581447969859 0.0121508412732283 0.0174371888120467 0.0304239680315743 0.0524921968565429 -0.0451503344984292 0.0349232283538413 0.0468015055290937 -0.00435395168813294 -0.0384425153571096
0.0206690491126655 -0.0316466517989551 -0.04500171029639 -0.000599846494014808 0.0643026457645267 0.00683727436752236 -0.0651369788712299 -0.0750671475716938 -0.143921482135816 -0.0629112093324712
-0.0415622086119634 0.0939818133596234 -0.106069575755116 -0.0827466904223989 -0.00306241649199648 -0.0656070891586983 0.0317281234275824 0.0983189649020478 0.027165035626139 0.0214789607215224
0.00987283903638402 0.13273591634502 -0.122892138572228 0.130966052010589 -0.0320789822230351 -0.0292743889879638 -0.0227027668022211 -0.0198593727712531 0.130431426632781 0.0769446528578438
0.0629303620270418 0.0165522941942059 0.0408829385322966 -0.0664073751211217 -0.0204004695805993 -0.0358624287461307 -0.00810937308778627 -0.0335381195210888 0.0268789073450752 0.086453747135664
0.0685025226082332 -0.0836742063314123 0.027084743246305 -0.0359866605141394 0.0819253423266037 -0.0660441109900155 -0.0169471662288823 0.0704287694593053 -0.00603278511565459 -0.0315048314454435
-0.0392095971207129 -0.0232969400036867 -0.0256472219981642 0.0458802690542985 -0.0178170286223124 0.0304946616749462 0.0401206314272472 -0.000197362235511555 0.000591896364227782 -0.0375917179801373
-0.0294250697841543 0.0333456589390637 -0.0294614851946735 -0.0288120941345594 -0.0835198583735176 0.0176427729776332 0.137158656718741 -0.0184512528407342 -0.0170492119256283 0.00219647815038718
0.0783039778956025 0.00773210955329151 0.0281737395323547 0.0146486837174714 -0.0214872664232115 0.0164445754025744 0.0020493424698945 0.00570146322411688 -0.0495842257431643 -0.0192541891775721
0.0954826894320439 0.0196088221742985 -0.055566226716816 -0.0996248794840664 -0.0407961131004526 0.0663588182331004 -0.069774745389381 0.00659849456573011 -0.0439864053703926 -0.0321541988466472
0.204066512836735 0.041869662423709 0.00882897009726032 0.0129399109982269 -0.00954885271545028 0.0360386963637784 0.0230406894072848 -0.00852859581073381 -0.0488860604477174 0.0346487855218158
-0.00278296069205229 0.0313075958459718 -0.0235153576924149 0.0288098402110618 0.0117923505077282 0.0421533417565398 -0.0599649960690492 -0.0502274560442223 0.124525216451711 0.083341559858903
-0.0641886718665948 -0.100468911208172 -0.0177039587008623 -0.0884635645570098 0.0510384479362811 -0.0566567798494751 -0.0241157666735448 0.0799169162690949 -0.0506365059965691 -0.115014903891679
-0.100319773592386 0.129213161944434 0.0256127223410486 0.0738761892489758 -0.0193562558230009 -0.0822845062354805 -0.0405859730462291 -0.0068509473258362 0.005353041267716 -0.122660110014804
0.034502572571772 -0.00500736895840118 0.0401490497644365 -0.00192717585946578 0.0133329689780299 0.0397332682770969 0.0331132832716845 -0.0463329076834349 -2.09564263712566e-06 -0.0379283593247186
-0.0354894276803047 0.0228615201414065 0.0357174775174252 0.0504492353939062 -0.0548605922357538 0.0710746016671975 -0.00853710135233298 -0.0652984865118054 0.0476414741708976 0.00506366347652003
0.0136977323056456 0.0459205749904185 0.0348795321627563 -0.0277238511205879 0.0295567106997096 0.000948480181318755 -0.0465874927188119 -8.15400936888327e-05 -0.0368317595722111 0.0304144526523486
-0.00727907184484 -0.0680255088556252 -0.0016702960998766 -0.00826646980449749 0.0669613734394949 0.0795349766054205 0.0227780846449524 0.0574977713978568 0.0137549859176331 0.0438108120000368
0.0319102257162702 -0.0515529883347894 -0.00529707962144618 0.015347091338329 0.037209594938532 -0.0968272317897032 -0.112498908426449 -0.102387554579541 0.0208929981357592 -0.114315002501804
-0.0539535727216971 -0.0123704461449328 -0.0988865097524166 0.0571313413933686 0.0170223817551609 -0.189488191906053 0.053368074680988 -0.0745484626707811 -0.00309128088386708 0.040214180893814
-0.0652159977053443 -0.00132506738451214 -0.0126868808760743 0.014474068854667 -0.00375689165379257 0.0120679514071428 -0.0132464613581027 -0.0352474266053015 -0.0514068810416378 0.00289773213978213
0.0226467401452364 -0.0168918894919455 -0.0298458708799348 0.120538745906988 -0.0364381242989198 0.0485108314272641 -0.0569598099299851 -0.0551829903181105 0.0036115016160659 0.0804700060165546
0.0352243862261812 0.0688663814283142 -0.0529226670504539 0.0276052966043771 -0.0182616925234544 0.0858044062969484 0.190584762753134 0.0466269102610688 0.0133442960595198 0.0390332880710943
-0.0277763125740848 -0.00372871695511211 0.062882714653897 0.0798525951383618 0.0316685688363433 0.038772419283081 -0.00307502630322458 0.000253827045417441 -0.0538493380877961 0.0502156682725862
0.0395848196092013 -0.110034411031525 -0.0558812467364742 -0.0338591000526861 -0.0151358452218545 -0.0254760358629095 -0.0749397288717253 0.0249428221486089 0.00509133148238988 -0.00217739738788781
-0.0643469730306896 -0.0465199619449342 -0.0997029547233205 0.0753867532571701 0.021803184185995 0.035760089153972 0.00706760620015273 0.0441130422121002 -0.039818526377364 -0.0364813960713015
-0.061286491221639 0.0546022191401811 0.0334604801144153 0.0481572308627624 0.00623001013089698 -0.0196127409285639 0.119342733641574 0.0844384639877964 -0.0213366440091503 -0.0267615753627373
0.0443682776102945 0.0257444851900592 -0.0660462019130868 0.0499569433235629 -0.00852114084057647 0.0266557643368287 -0.0514194210417877 -0.0422870012862461 0.172608387626175 -0.0600359744204068
0.0420632971852757 -0.00330569143450486 0.0825395554791185 -0.0556931671634559 0.0283344510953846 -0.0682420978749449 0.0179957950493621 -0.0341581712486759 0.0845353144241921 -0.0154441019300011
0.074187790541204 -0.031174457874849 0.084577943885493 0.00289066574508586 -0.11377729590075 -0.0397906288830223 -0.0551952843429767 0.140972785899061 0.0974503100343394 -0.0390394022397574
0.0444999862943972 -0.0590122771985666 -0.053596865530109 0.00950692074076007 0.0702317825785458 -0.0282178010796897 0.125972750064384 0.0211576023565577 -0.021391119934505 -0.133718664444092
0.0701132443794267 0.00531792304537019 -0.124672540174519 -0.0902788231488502 -0.0243730932116963 0.0160539978069257 0.00680914460095112 0.00527394938407333 -0.0663877444504364 0.00493612666816345
-0.0935983393742112 -0.0590120806114071 -0.0151859162606047 0.0798965799472074 -0.0237255482849055 -0.0288686887734299 -0.0756605027014315 0.013620382914916 0.130835574582708 0.0613549542487483
-0.0700999661034767 0.0773474775521013 0.0115758052546623 0.0117062445233456 -0.228726161028167 -0.0358946900858043 0.125558998096666 -0.0763226933869135 -0.0346123029367635 0.0397012870099327
0.0578281507599772 0.108621709819575 0.0410269840652807 -0.00299632963522313 0.0463049206355797 0.0141681840443112 0.0142886638289978 0.00900027821789076 -0.0109561810708759 0.0254342988841533
0.00717939761544894 0.0491005441249463 0.0796351263857874 -0.00354408331462636 -0.0381922326749998 -0.0245709696687356 0.022536332150213 0.04264608668865 0.0595835090927283 0.0534373254464262
0.0509788913760156 -0.175659947618216 0.0119425176936613 0.0511350756734789 -0.111969438915612 -0.00479358875698381 -0.0729017793859209 -0.0618197640743785 -0.0109543119040017 0.00992000108373149
0.0132178104471621 -0.103261098050753 -0.0392473155057223 -0.0741035439517421 0.0203294245173057 -0.16381907104048 0.107234779477547 0.0169905593342456 -0.058555024072604 -0.00970195554397658
0.0137119993208359 0.138612922214275 -0.0148966776650476 -0.0278944686102443 -0.0480703769729294 -0.0556260045782438 0.0436825572797156 0.10423799090852 -0.028531358263439 -0.00600938552916939
0.0518406045152684 0.0961964279547773 0.0202415920003087 0.12914040088283 0.039204013129331 0.00985515141366651 -0.0170889995303091 -0.0834599092678044 0.043184496108272 -0.0104641535362431
0.0279684145661656 0.0144164316053525 0.0808181855182333 -0.0608672979711835 0.0286318767436766 -0.0206899973499251 0.0851911189053315 -0.0844270622528421 -0.0116399004314087 0.00257012683151934
-0.0114437495507798 -0.0197881614920626 -0.0260708523021115 0.015460113071339 -0.00137057485497481 0.0234253595989054 -0.0127153030633149 0.0224301829947482 0.144020534009959 -0.0267468017863519
-0.0795684298602131 -0.093701540251939 -0.0800999500316969 -0.0235665939217856 -0.0427127591713212 0.0908712229210161 0.0319414347748713 0.0159441879680581 0.0220314213537085 -0.0546421386553217
0.0765511930963624 -0.0746110746571416 -0.0509482959406965 -0.0640100218390453 0.0811466561151876 0.0545447117410562 0.0276758904794369 0.00558998041288796 0.010249181576542 -0.0369014303996637
0.0779647392893977 -0.0650746488368536 0.0930941036409924 -0.0616655495032644 -0.122783331587267 -0.00781592642374254 -0.0033535028700031 0.0271348201020324 -0.049137106793565 0.0427201268962188
0.0532865512504853 0.00110725466123857 -0.00800085525496888 -0.0325716610681379 -0.00442937692553339 0.0371603229339771 0.034679780418854 -0.0163461652593769 -0.0159862785849745 -0.0620487887926723
-0.0261508095720698 0.0567606275844372 0.0864064832345662 0.0396690445143673 -0.0211686748707067 -0.0141381711772724 0.0484319696600666 -0.000889488505160748 0.0153638508460119 -0.00855425847819889
0.12081918976808 0.000825043670271718 -0.00708805069832009 -0.0569902653798695 -0.0301232097314515 0.0339800265362223 -0.0417514208866955 0.00356374927760481 -0.06265281446296 0.0283045818647669
-0.0324284081022146 0.0364136721326049 -0.00752803682319482 0.0074878764498134 0.0444997938425455 -0.0552193510211418 -0.0557876470169269 0.0408831990457423 -0.00178461950537362 -0.00378995471939197
0.0666061978381621 0.0245070114370086 -0.0125268275849173 0.0241262745464659 -0.0620827909772569 -0.0785202343257226 -0.0328941606282445 0.0509056999225061 0.0929734567206691 -0.0156492411541707
-0.111003673866819 0.0178331706347666 0.0131309253851057 -0.0226555861987848 0.0537875316104732 0.00798615574393752 0.0609881801153383 -0.00623074997075622 0.00637626378922736 -0.0102398880673832
0.0303577863572948 -0.043908740850979 -0.00777761791556375 0.00310654068548377 0.0271489306142824 0.0310476542436813 0.0212184339477746 -0.0172661636188251 0.0181828274779075 0.0740944591188185
-0.00773489471720576 -0.0715450840340963 0.0129523965584035 -0.0556835091167017 -0.000500595759434508 -0.151605518870084 -0.0275546737725402 -0.0379783642220211 0.0629445431764285 0.00613830594820649
0.104774388211948 0.0117989629742849 0.0738328719256731 -0.0201038630336964 0.034914714473553 0.0568492473018827 -0.0906820914578718 0.0302618960529499 0.0492752021700624 -0.0519147898915511
0.0581976093804852 -0.175537152360183 0.0769605205590002 0.0191837097233981 -0.0415910704899186 -0.0477626235278388 0.061876482358883 -0.0318430429434641 0.0358390890201591 0.0327770221763592
0.0259221246007766 0.046849781613654 -0.0813156021680437 -0.0392819429710496 0.0133903808556396 0.114609757701275 0.0351582517504678 0.0401300447876749 0.0168359518502397 -0.0702151057656897
0.0310509410722873 0.029187973510132 -0.0244418515050702 0.0353795084247618 0.020399543994246 -0.0150491896388257 0.0557322804085848 0.0481726416733962 0.0184918666223699 -0.0367765393977848
0.099608472012999 0.0273854662703404 -0.00745090640817464 -0.00762957501069937 -0.0194527313672491 -0.0178977336059303 0.0131687105013623 -0.13069571871361 -0.00689764119239242 0.0746754357717183
0.0037145152343465 -0.0102086871152796 0.0615487362548879 0.0130910633832717 -0.125252590725209 0.0818249387661799 0.0944504518767656 -0.0148651763005713 0.00696567194919072 0.0173781180539568
0.0585786871131134 0.0180141847623289 -0.0564011708755367 -0.0250897430338118 -0.00449008285926997 0.157766738639928 0.139209226448961 0.0457367022035614 0.105643049566068 -0.0383811554102383
-0.0326202089943579 0.0127653459787853 -0.0148836657992712 0.0200585616600953 0.0033208634172695 -0.0272653050941617 -0.0688381890548056 -0.0498458990502962 0.0221499958746597 0.0386834457508617
0.0218224734591633 0.00844416999065917 -0.0176544304458665 -0.0324055067348366 0.122668654853357 -0.116131123031227 -0.00792721559953916 0.00203376664337186 -0.0445658533087308 -0.0545786304440086
0.0319881309275995 0.0956305658621553 0.0120119837594106 0.0439123437865587 -0.0220462931915019 0.0988344238619559 -0.0404466767692534 -0.0682250976907071 -0.0199845802594338 0.0807530013683003
-0.0247162854583002 -0.0264967655013935 -0.0273318714002361 -0.155348942740256 -0.0618637284569113 0.0614396517725722 -0.0726428765129966 -0.123391935259679 0.00641042475725424 0.0474990099368479
-0.0459826929168993 -0.0454555639554267 -0.0262091386207145 0.059111412942882 -0.00925207941178743 0.0819547893183427 -0.0233320796954398 0.0990728812440998 -0.0177346615211277 -0.081029860747255
-0.048653787956797 0.0104578820662392 0.00360137479373474 -0.0528457432400948 0.0272631229486854 0.000464966790748225 -0.00513547137480987 -0.0730508028814326 0.0359960009915499 -0.00456320772845549
-0.0610171405138978 0.0824672385734008 0.0432428635308412 0.053701092270437 -0.0216315843060336 0.0494680027187444 -0.115965774342186 0.04158552822836 -0.0750122315087065 0.0557364681692807
0.022904980637166 -0.0197300055560013 -0.00488443270406959 0.0637510032516543 0.0360434327266632 0.0657060678415638 -0.00191355904251164 -0.00400313697180526 0.0339770300239808 -0.00431553879107108
0.0249787589058044 0.0318516859621293 0.0132931422691057 0.0603953659097195 -0.0193889388647772 -0.0738656166444718 -0.0466880765568376 0.0588700821745793 -0.00864666498507669 0.0188969443985078
-0.00302956323322384 -0.0308210824164878 0.0517457860860063 0.134705289173524 -0.00711476457758829 0.013767644177999 0.0223244585109885 -0.101950996989869 -0.0360134098005951 -0.0688105363892514
-0.039589590911614 0.00418847695851089 0.0625889140741826 -0.0588726679803745 -0.00389593449421844 -0.0040610920410121 0.0260000792751187 -0.0909509048413668 -0.0060427007621582 -0.0496240812537447
0.0426932170450941 0.0927189511301427 -0.0289700572262383 -0.0334699145207163 -0.0227398531794937 0.0112724232291131 0.0480131054804869 -0.0264627799204756 -0.0311693048095943 0.0191733486014353
-0.0551688644331038 -0.0729766105378028 0.00169417285373318 0.0456564916507514 0.0337517660259705 -0.0210697789817304 0.0600409510878744 -0.0325732586557445 -0.0612404644394075 -0.0903126968788121
-0.113672107794685 0.0252423685822655 -0.0297456054224182 0.0204640298581531 0.0136468394306406 -0.0227797377120777 0.0362876124657313 0.0220937846032281 0.09910730901682 0.071090802419595
0.0592696338903266 -0.0477459024759836 -0.0485211991337109 -0.0228516213989845 0.0591731267995167 -0.00545688846908839 0.0358051583542577 0.0337514581810436 -0.044360034230084 -0.0934240832531956
-0.00391899043655142 -0.0718862528581047 0.0645020494300951 -0.0378011364311489 -0.0192965881020036 0.00869044507652107 -0.0586842390532307 0.0884037373795798 0.0571524342947445 0.0794681320123658
-0.0451368040132896 -0.0462669258273891 -0.0253559583526573 -0.0152270443538583 0.0565902314473235 -0.00407361439026602 -0.0533834333275482 -0.0765728055709256 -0.0284933112457804 0.045337748277343
0.0600813865778228 -0.0340310488552605 0.152593590188364 -0.00421474521779331 -0.00087691714525872 -0.0565483526862528 -0.00696608702350305 -0.0868482046583411 -0.0332307757704943 -0.0296094099489036
0.101221860766376 -0.1053042128261 -0.0533960685351962 0.00232537509250745 0.0283314889001117 0.0255118000263008 0.0569766223030245 -0.0846620254069949 0.00252969263115286 -0.0133539057029269
-0.0436300834827047 0.0359504710144019 -0.0703462792906883 0.0482276217025381 0.0252087787867808 -0.0259601883340591 0.0148756375604737 0.0413949055142447 -0.0563038779231591 -0.0379499925170489
0.100183778808866 -0.0435022480263743 -0.0104287655551166 0.0921349054589846 0.133142021535728 -0.00626967055491451 0.0773722064510848 -0.0106518277624175 -0.0789340061264995 0.138358970633157
0.111010934747922 0.0790859402268718 0.109101646172621 -0.0793598486303015 0.0214936235201461 0.0496069120062257 0.0390528574772244 0.0187308794451385 -0.0706430248495912 0.0991407657410406
0.0351272928485853 -0.065656626308766 -0.0113448403611708 -0.0959421397086157 -0.00381432107881527 0.0737042266553983 0.0385784927158109 0.0629582617687704 0.0142452859761405 0.0862970289483509
-0.0704959548404991 -0.0213791384309503 0.0345265623081718 0.0555503421764215 0.026200820405079 0.0569649671436606 0.050354910769609 -0.077808282960582 -0.0290216390888309 0.0654764040901863
-0.0244110298127523 0.148453589475945 -0.0391338277558509 0.0335676343943439 0.0615633081003176 -0.0544604684619919 -0.0153989322901366 0.0578544063260804 0.00211114096769292 0.0740923324728937
-0.0495918912864235 -0.0513142673335674 -0.0713964756169237 0.0341133214681002 0.000386745869928441 0.0591484529913527 0.0567418103695556 -0.0521312012122814 0.0546920289917663 0.104284510739726
-0.00912413396597768 -0.0355028974793517 -0.0746339854174077 -0.0443896103001624 -0.0145223754771709 0.0276479489254927 0.00679957859207735 -0.0307016754734421 0.0474577438100998 0.00363340904749652
-0.123012683148961 -0.030537293585488 0.00719985152987931 -0.0340960214320059 -0.00636452285759894 -0.0133918955355216 -0.0371863208719538 -0.0754557846511622 0.129696705880418 0.0570679308656472
0.0631727411144 -0.0320994011672873 -0.0258728168212455 -0.0294695858233813 -0.0714998525757727 -0.0158251234785093 0.0951917767201062 0.0814326633517852 0.1450785716126 -0.0205324736890599
0.0026467911881188 -0.0368955365446532 -0.0705257762951649 -0.0222383492508205 -0.00968939913276345 0.0639055628835032 -0.0892331432679759 0.0267666550939219 -0.0213834963897581 0.00753458410917961
-0.0335535597951946 -0.0480440426306758 0.0310684140756313 0.106599032299221 0.0450167602822864 0.0183441425098462 -0.0673453832316503 0.00532524947909985 0.00629122746327314 0.0518322813017223
-0.0617181379164068 -0.00850422155023806 0.0533340128667782 -0.046922545240315 0.00412907476980051 0.0220018280335755 0.0398026192525063 0.0347199717311651 0.00291990574320325 -0.0394591828494036
0.0843898995268691 -0.0345209168570678 -0.00751999945868031 0.017693411395258 0.0110938974333914 -0.0125332930250612 -0.00582428026115693 0.0367007860055366 -0.0585360423228572 -0.038130155688402
0.0508996729042584 0.159854624488966 -0.00253889335408087 -0.137758110582606 0.166139149507324 -0.0895884435399732 -0.00886297988469477 -0.069208667343422 -0.00178520713858808 0.0599951616338089
0.00240864722528255 0.0775971994521573 -0.0511261892613084 -0.139602566612146 0.0836144398991488 0.0101389572024134 -0.0415224305836273 -0.0184246685138985 -0.0263246455144483 0.0931508057381864
-0.0303058618501614 -0.0536328790553638 -0.000133948962593928 0.0298660413561034 0.0128713401337021 -0.0425192178271377 -0.0181243442072183 0.079639788743336 -0.0457090938799172 -0.0204972388962994
-0.0348987430983398 0.00777513977424636 0.00250695508397935 -0.0266704695548253 0.0687221648275235 0.034401822201822 0.0103653033063591 0.0195075296792363 0.0303267512789537 -0.0279253167943382
-0.051955095523704 -0.080045023893929 0.0412673574500526 -0.0554910196425033 0.0230338200045161 0.141949383052042 0.0222276261165656 0.0354894213216756 -0.0172932828405166 -0.0479778745603876
0.00547662327874923 0.0323611778224743 0.0161549065810655 -0.0502451785950255 0.0183280951643926 -0.0565568327009317 -0.0229856157271753 -0.0111312754686245 0.0827256202593957 0.041208429967243
-0.00471728495641635 0.0353590145392012 -0.00757924395757588 -0.0565490947447584 0.00510973699971962 -0.0548411766431108 -0.0202465504046475 0.0306466948487469 0.0537830224400065 -0.004785586775179
-0.0642308063192914 -0.00922788816731012 -0.0358070676600448 -0.0996545181341611 -0.0346567732022929 -0.0855540002653749 -0.00261474886735223 0.0677605739448738 0.0440699838851255 0.0111926569554418
0.0100622279779508 -0.0914309919053762 0.195112473900195 0.0126054387748464 -0.0623314609624489 -0.0197216974563005 -0.108687306082067 -0.0266771635098247 0.0166609268214227 -0.0962879708044416
-0.0112969819675923 0.0679582999426772 -0.0775749808499574 -0.0999051776157275 0.0122815305343833 0.0302142185877564 -0.0222242850632049 0.0815998303009276 -0.0334845472240974 0.0254399476871956
-0.0142073393462186 -0.00349707284296653 -0.0440457873293566 0.0496553794811974 0.0245159204627836 -0.00802530483780766 0.0398392746318992 0.115992427683549 0.112956492218347 -0.00292205482838894
-0.0230799225219274 -0.0251647064621991 -0.108112383756653 0.0193997517880588 0.0344709777317584 0.0619875944512349 0.210769575233309 0.0538503960632454 0.0140931962786317 -0.0266052823516425
0.0172926920052412 0.00172190481034773 -0.0124964601061324 0.0273844146529993 1.6072890014459e-05 0.0263111441664478 -0.0353115052485798 0.0114281915492478 -0.0401722786746757 0.0271650992587875
0.0840993176211104 0.0417554534361068 0.00592608220173625 0.047141926030733 0.0816751514399039 -0.0943166235973688 -0.0856815285477198 0.154355308856897 0.087041309775925 -0.0601709014562597
0.119863620965048 0.0287836381810447 -0.0139617715723829 0.0527701096409602 -0.0071229807383682 0.00868831509450623 -0.009718754002955 0.0750474601069223 -0.0512876291180478 -0.044574269514998
-0.131797594311753 0.011361233667 0.0190978090628428 -0.0229039676181106 0.0238791769707207 -0.019060818783504 0.0453811498404874 -0.00421288349602656 0.0181707020227141 0.0174761705671654
0.0249451506160233 0.0254392519450645 0.0515770976872274 0.0452298034000586 0.119051255587492 0.0246793388158083 -0.0340535076032298 -0.0224314075790034 0.111521488457754 -0.0350535631373815
0.01967401702638 -0.0770631087552971 -0.0564593836976057 0.0208641631976088 -0.0282447258570074 0.0480537165720971 -0.11859170687069 -0.0270244908992235 -0.00341728742340668 -0.00302496395404359
-0.00249055639670458 -0.0623955695984117 0.209100086870491 -0.0514694763673741 0.0353221829969327 0.0702471312183117 0.0567903453217707 -0.00742795601070192 0.096249229043434 -0.0247644295454103
0.0533811921841438 0.13897629728146 0.0354395861407683 -0.019501112661475 0.0133613889348929 -0.078033784905704 -0.0463782881476979 0.0470164388328697 0.0439455270423737 0.0460981894483387
-0.0794818997056805 0.00277875215111793 0.00667119440022095 -0.00450586137448321 -0.0343477686749573 0.0449343598327594 -0.0670659527850185 -0.0194068539546865 -0.00913864449217765 -0.0128150982005547
-0.0665340219294365 0.0343238159462255 0.0357052415475351 -0.063237778082149 0.00258755086567926 -0.0809989516446586 -0.0731101399412666 -0.105856058581557 0.0531524999892413 -0.0555153073149643
-0.0080406434067443 0.0170700451558026 0.018044874010981 -0.025840761209998 -0.0370768774925715 -0.0657130657293281 -0.0484843528974518 -0.021936338920027 0.00442263871613 0.0301109983829708
0.0387393696415133 -0.0376924733795323 0.0237443719286719 0.0918498613909562 0.027414140265951 -0.10522820814612 0.0036760736512987 -0.0156490864587588 0.000525980277941198 0.0075571571210821
-0.0182611192270965 0.112363237370269 0.17814748539445 0.00677810950121504 -0.0212410830303754 -0.0415517944355221 -0.0740197629025776 -0.0495873505700085 -0.0569922382593921 -0.00241661643016597
0.00855740926099783 -0.0395839915327155 -0.0847749317385102 0.0289797394479067 -0.0377122402418686 -0.102058781920032 0.00675591253797324 0.0151932793260647 0.0273392574197018 0.027564148757891
0.0110356442151424 -0.00797864841943153 -0.0828345623603654 -0.0149546714255021 -0.0518032260161131 0.0486295093256549 0.048532943039509 -0.0978226490947926 -0.0193895136626511 -0.14469902429875
0.03577934221732 0.0702065214618728 -0.0560041703564503 -0.0147787465812872 0.0572240274563066 0.00693672388333733 0.0265022663510995 0.0173554863007308 0.0207294323808508 -0.0522665602669273
0.00188052250836947 0.0222158833325518 -0.0731138816661581 -0.0406830348288188 0.00574158929694612 -0.0356912798376541 0.0697309824333384 0.035058182883572 0.0193588538659494 0.107205956290934
-0.0591101987884563 -0.0320911260636233 -0.0719447122090712 0.0328399695106557 -0.0173138894687011 0.0333978646791806 -0.0730653930599569 -0.0358826101497797 -0.0313665786363488 0.0475730510076552
-0.0232579747886585 -0.0284736597953544 0.0191764454804741 -0.0882247210347435 -0.0135637403121466 0.0281576007838189 -0.0355660981229159 -0.013106461598279 -0.0208235598700061 -0.031128332146482
-0.0123311410156218 -0.0603952346495049 -0.0238081417798795 -0.0317808670307233 0.00817793225994306 0.119433312732029 -0.0578742458489431 0.0222261981075929 -0.0924816285247784 -0.0837365638358761
0.0395315377385435 0.00264463421863054 -0.00934734398500362 0.00299299919427311 0.0224848297518328 0.00576959611219183 -0.0640225463896645 0.0701658405702697 0.0332739635264897 -0.0286821065738266
0.00807264842992643 0.0058173774274933 -0.0336464603399925 0.0787746931938614 -0.0122035293825347 -0.00872154952974345 -0.0370203894222479 0.097835667029675 -0.0800014426558923 -0.0195590970564925
0.0297506650674287 -0.0300111131478448 -0.0698896176095427 0.0163928705333783 -0.0590186925980821 -0.0162560568124383 0.00909942474729398 -0.0623314107939708 0.0514703379256639 0.0839134684323949
0.0816049633333704 0.0333701829660088 0.0201814729814813 0.0213636388418408 -0.0640313665610229 -0.046421978404534 0.032445115608888 0.00881983908283684 0.00190499803557056 0.0127842394443058
-0.0513728225406764 0.0314972679581746 -0.0553364457017272 -0.0353213413257698 -0.0336074075622757 0.0291967726558519 -0.141989071429004 -0.00982126311076585 0.0152745727349687 -0.0230983989295354
0.0120494796484932 0.019510113434725 0.0875674200030684 0.0478008236232169 -0.049936967301409 -0.116001294560093 0.0243879502868928 -0.0368808702373126 0.0246925346398487 -0.0599133255366384
-0.00328560630963697 -0.037183751086513 -0.050909894387716 0.0257699070246009 0.0705900267245374 0.0036174797315166 -0.0645229548794668 -0.00550352385480194 0.0711575002352885 -0.115145490508436
-0.00274548181262732 -0.0528814662106551 -0.0141990861564061 -0.066263233864227 -0.063822709839616 -0.0223644373858925 -0.0566742306047772 0.0236032390056838 -0.0331428315894843 -0.137640562186156
-0.0217207171368355 0.0336479674150699 0.0562958055124719 -0.070864444800825 -0.0260411598093766 -0.0301265327765583 0.0533103841330146 -0.062472228033554 0.0730984393107616 0.0836460190024563
-0.00861159775478465 0.031138536544309 0.0273857243619802 -0.0379455823016827 0.0547015442890225 0.0405130535537364 0.019664045737871 0.0776942843054055 -0.00354474368322082 0.00309401475121282
-0.0287514880108335 -0.0367054870299811 0.0322090495507874 -0.00254967607294849 0.0264738379549811 0.039176348051032 -0.0260909124527553 -0.0402081561004319 0.0225241309102024 -0.0229685098749735
0.124765217069605 -0.0343183226437892 -0.0458207304441724 0.0430594430780489 0.008946957071241 -0.0306652448091275 0.000856930658812982 0.0592882464567149 -0.0270073554678526 -0.00577162736691946
-0.0188078122293057 -0.0164217176742039 0.00926164449897907 0.01620379153095 0.0283608104559482 0.0333286567780568 0.0649775753046363 -0.0616374942267763 -0.0117585138523148 0.0182874600266443
0.00570663361557987 -0.0345602532286155 -0.0708192239089199 0.0757195896051407 0.0701845012687791 -0.050159873599487 -0.0870630567931735 -0.0305191616144058 0.0682833620438862 -0.103620585552102
-0.0549205307071832 0.0223058892596832 -0.0387955837017693 0.0308420090997944 0.0454742628095829 -0.00531284647333151 0.0708829688546314 0.0104881491863208 0.0725095691960103 0.0513943108527398
0.0703862986187867 -0.00899204362721813 -0.0554369142586694 0.0365545492416011 -0.0659191182283443 0.0872846944360788 -0.0437357481279902 -0.0449392505048497 0.00586125829082484 0.0761889561798679
-0.00464811972484488 -0.0243766567853587 0.0166492127534385 0.0310731874507509 0.025995358350307 0.0105881083101901 0.0891142085973368 0.0176479419379396 -0.0027747949517415 -0.0563154195163796
0.033479104280445 0.00227425320740194 -0.00719451025647753 0.0113081332996282 -0.0141304402557027 -0.0368964560010929 -0.0211977805851086 0.0282796951229236 -0.0324703887362617 -0.0237910769849249
0.0693003953875624 -0.0246622282454611 -0.0305808694260501 0.0127600397671183 0.0254148098932092 -0.0332053950890461 -0.0075312757701869 -0.0430988834848882 0.0221093474629315 0.0410943233945617
-0.101723845356288 0.0163237242648561 -0.0286603363697818 0.102395125866844 -0.07704969647474 0.0255710040401811 0.0379499834616814 -0.0576309680203659 -0.0198335035891691 0.0334272454796038
0.0587558466241157 0.0125160715222995 0.0394883349230398 0.0846901088518309 -0.0493632384875146 -0.111484415353492 0.0454335054863895 0.0475647842309126 -0.120173963316714 -0.0385921792900969
0.0779779263939195 0.020830137659267 0.0134110045566735 0.0329932843644914 0.00699371968233444 0.0572113069211313 0.00921835537156975 0.00785616251236877 -0.00221906945665623 -0.0356036364086153
0.0351630888492139 0.00144299624744505 0.096212410261192 0.0965055911896905 0.0350747581144233 0.00720796420645784 0.00426676808981225 -0.0402419919070269 -0.0119998442733242 0.00743650351825862
0.0326991367822434 0.0649991625215371 -0.131114941561253 -0.021785286355865 -0.0215532100077992 -0.0845047206486413 0.0351340238055078 0.00835253595912262 -0.0201284128972256 -0.0283353565816155
0.0488888502402241 0.0282140300465775 0.0535069601284548 0.0895298393345098 0.0526428703425235 0.0788579373635747 -0.105833653176668 -0.0152195459167198 0.0329120868447716 0.0156372461340498
0.033222463178123 0.0136312974769758 -0.028541920572598 0.0457388399359229 0.02962229337362 0.0724003747208581 0.0356964538606152 -0.0385290629223946 -0.12230930740488 -0.0413861952046147
0.0721611388818733 0.0480070715960522 -0.0453107395756725 0.0998124597100267 -0.0230593387028604 0.0225196875571301 -0.0135281431676428 0.064733112193198 0.000419407293400778 0.00151412023719741
-0.0419181560995921 0.00394241396800714 0.0187075944154419 0.0126890728355371 0.0347854537614701 0.00852274048241282 -0.0269303179410812 -0.0204956395080966 -0.0784871727191558 -0.0241520627115974
-0.00376160949979529 0.0880824375229919 0.0723273377253464 0.0201995472074316 0.00930356603796894 0.0244396574321319 -0.0779854196151637 -0.0538177281209002 -0.00516900805393076 -0.0525514756673068
0.0392422568896376 -0.00821537383158378 -0.0183997974303853 -0.00956310348500644 -0.00306772520738336 -0.050715531704802 -0.00881734126953529 0.0294265535206723 0.0203722660384472 -0.0394671002969305
0.0691787405541561 -0.108600033388998 -0.0507496400375602 0.03339183716355 0.053710439102058 -0.0333813611630616 0.0663230871832185 0.0535839454658066 0.125458536459642 -0.0243782255468235
0.105795835705698 0.00303670447608594 -0.0248184960205346 -0.0127241165601174 -0.0460432515078351 0.0641311200434849 -0.0242066111308419 0.0255524169407503 -0.0167164648840684 -0.016710614749764
0.0390438415809284 0.038704081817477 -0.00864191023611884 -0.0322620283886492 0.0471510239380154 0.00472086144651641 0.134381300864808 -0.0201992646970649 -0.0805040480420672 -0.131773840698876
-0.0286580446086755 0.0540045597233968 0.111629429742687 -0.0115877955026726 -0.0178625865824018 0.108846219230779 0.00925452614628759 0.0487767651014003 0.0794241796126995 0.014718701369765
-0.00830509005152027 -0.0564818793297912 0.081827721048312 -0.011339355715391 0.0208012649847759 -0.0768350354988061 0.0118182707645074 0.160410771763681 -0.0490787287609055 0.101601883383582
-0.0190404863274036 -0.0232636606023854 0.0634090527595829 0.0263482623761418 0.137372133691121 0.0313043455367325 -0.0110253183882988 0.0347822358816544 -0.0147298382736303 0.0834221452377799
-0.186854892570931 0.0148911685629115 -0.00675980192764309 -0.0135066500181351 -0.0022400385623661 -0.053264427311458 0.000563027321265355 0.0247993834828907 0.00606128404235256 -0.00718244876058811
-0.0552534855001077 -0.0368845704460097 -0.0248343584300128 0.0494089313580891 -0.0649276193954358 -0.00306132123179044 0.00125888600574641 0.00539619740568372 0.023835560341563 0.106808357584669
0.0394565199611912 0.0588423818786045 -0.0275384599461107 0.0186579194576766 -0.0375997188924656 0.00573440972950226 0.0762270389149886 -0.0828333771328578 0.122890622448134 0.0160927651433648
