-0.00433580021716676 -0.0298449385111159 0.0279597396197582 -0.0935562749395863 0.0554856698013096 -0.015788918627392 0.00954743428639562 -0.0302726945032363 0.0215092225975994 -0.0580338931193421 0.0075111021396551 -0.0322702354456585
0.0355163388780557 0.0057514950215613 -0.0110583259362685 -0.0321641319580361 0.0430558179304648 0.0312977728085337 -0.0187400572271602 -0.0503520823287799 0.0152790457759377 0.00322165927264115 0.00695673777501483 0.0222422031520895
0.0361672152458657 0.0640777219845172 -0.00215250851148757 0.00447125806487933 0.055009688462433 0.131891350003574 -0.0549089462408139 0.0342926268286573 -0.000574299318246388 0.0077474355495975 0.0392239301239947 -0.0170973079248641
-0.113479553534825 0.00903435146281506 0.0331150172145854 -0.0222002293587119 -0.0363001906935332 0.0314628670075428 -0.0457925886394697 -0.0195282726093023 0.0330090814288294 0.0199776725885251 0.0200036485340548 -0.0573281240305802
-0.110283358503669 -0.0648505750949931 -0.026346312821626 0.138674412261846 -0.0356089272634099 0.0162282571138325 0.0315071242222275 0.0755355539478693 0.0626325135633763 0.0100312515374014 -0.0206010027221621 -0.0211495671787006
-0.045831257276162 0.0279999231801441 0.0557209291621605 0.114575336480634 -0.0081359232550706 -0.0280678545243714 -0.0487669029691458 -0.0217876415562031 -0.0945874976562429 0.0130658328617209 0.0637787499735434 0.0167341451363967
-0.0523559114760738 -0.059119761719671 0.0480397496161661 -0.0905517393779826 -0.0695566427397656 -0.0493391163881651 -0.0869604722184268 -0.0547329102611929 0.0515765332125874 0.0464581222268733 0.038899234438042 0.05079229748485
0.0317682646465127 0.000299685516970127 -0.0109117239371205 0.0666786865788402 0.0656450117430178 -0.0253226204816341 -0.0535840925693919 -0.0877989977874914 0.0174939594350347 -0.135948081494521 -0.157853794717838 -0.019729649509872
-0.00826389882952267 -0.0739759247661436 -0.0174308748711055 -0.00447536162898612 0.0536627989865712 0.0403732490122245 0.0290522939717781 -0.0456608254954977 -0.0127489389050232 0.029399138293872 -0.0433772127565301 -0.088920022605966
-0.0379567591712261 0.0472152848364176 -0.0704943969495855 0.0388891220719226 -0.0441970549793217 -0.0219361637112253 -0.00317608585741316 0.0306555468715922 -0.0160562592967427 -0.10951356492504 -0.0502819723642856 0.11708312910021
-0.000858262491806837 -0.0463936480675572 -0.038787447861955 0.0382770271859963 0.0965525931116233 -0.0610184302508578 -0.0109033945312023 0.0311350357535554 0.0864672108318427 -0.00398788271354353 -0.087431866958126 -0.00682626838965639
0.0121835148119275 0.0304523674921299 -0.126083875433979 0.0758985851215678 -0.0170233865179525 -0.0376036582100869 -0.0133837674138234 -0.0321532319790683 0.0310302377470902 -0.0872791107617382 0.0359893414507006 -0.0728419597942097
-0.012139035096684 -0.0114534914511507 -0.0229976997191389 -0.0544913236919423 0.111872889596532 0.00753543339576246 0.0264742481296719 -0.0280968410964092 0.0747089924410432 0.00306551763381263 0.106540531901606 -0.0305137452214576
-0.0449699800011293 0.129517124070566 0.0111125882703597 -0.163579732427973 -0.0472024845605991 -0.0739231006575409 0.0220240199882811 0.0173131029016721 0.0486116277880587 0.0854935148596774 -0.0600197832655646 -0.0161694534320828
-0.0831298659168931 -0.0652040351492228 -0.0921931159800366 -0.0158927032043271 0.00125857360626503 -0.0046958437191098 0.00506273474027593 -0.0235423935730419 -0.152939905955923 -0.00664423444853789 -0.081568533085399 0.00670455421307478
-0.063443668545162 0.0420194246422964 0.0766977722784314 0.0101728252574279 -0.0892484545307486 0.00987774680581088 -0.0984924653100343 0.00450020189108757 0.110204460020258 -0.0121728254939775 0.0487394207618914 -0.0560442684679361
0.0781898256439128 -0.0238919637290707 -0.0480371264893626 0.0869294836766698 0.085360455903776 0.0409200647524864 -0.0175213898736936 -0.0478252606712246 0.0527901834669909 -0.0380773559554659 0.0162023052039551 -0.046336555299504
-0.00921311180525965 -0.115108423295248 0.0737427823170488 0.036766026325931 0.125919776170569 0.0346590627547403 -0.0397210908961232 0.0409509564750116 0.0848055186877712 0.0201750779402748 -0.0253640313820913 -0.0356337137501594
0.029523845499559 0.0370438820854001 0.0058517974418799 0.0441191977175188 -0.123892685937974 -0.0774105103848429 0.00374604234017734 -0.0696644381910394 -0.0287223086546275 -0.138134037511052 -0.0250220008060927 -0.121402426203624
0.00105972681384979 -0.00989302821796472 -0.00715450243459796 0.0377773888889778 -0.0424239422913663 -0.0326005613140201 -0.00473477318166304 -0.00402980115711685 0.0111940496383949 0.0123456161529368 -0.0265985187502852 0.00550561689953516
0.0175301508777279 -0.0803717754012979 -0.0693671685206375 0.0832036142858628 -0.0110938821206125 0.0364524107658942 0.0856436381275276 0.0115811770604317 0.0895538850933693 0.127785477433804 0.00807712165199037 0.059729148926897
-0.0760169931395118 -0.00473546985920147 -0.0530675412733064 0.21429503690525 0.0539101171616298 -0.0404228577347225 0.00973081105071527 -0.024629363684788 0.00420383908767835 -0.0769918086888219 0.0619351065606647 0.14647170996224
0.0165241930972564 0.0163682701163096 -0.00715457108921219 -0.0594143021878639 -0.0338135321703021 -0.0716126590022671 0.113398877160809 -0.0686921162699746 -0.0679461484846912 -0.0847618762245771 -0.0183879902943873 -0.0492062594000946
-0.00423256341240056 0.064978837217901 -0.0398327146451019 -0.0121816207306142 -0.0504731530412084 0.0466096348244837 0.0378351446360514 0.0513968653531312 0.00349946986713445 -0.131236448751792 -0.0377656954610078 0.0156146463124132
-0.000131597833081196 -0.0150768808196824 0.0133576960104494 -0.00943872366687911 0.00352078044786076 -0.0270799636793069 -0.00563089124802097 -0.0102000255336234 -0.0161885793444788 -0.0150216014756806 -0.0178232839573357 0.00442195793813438
0.0395911553933672 -0.0988310906169229 -0.0635303927228743 0.0389563181299819 -0.0713231435725728 -0.0417736573911502 -0.0336965883140166 -0.0168649218594209 0.0364302036730673 0.0121577229929551 0.0391801953566856 -0.0189159701881538
-0.118793720117735 -0.0310277662112864 0.0404080997811462 0.051075179853263 -0.00474734653761871 0.00905114478188734 0.0688879482756409 -0.0220240594987342 0.0517590514276419 0.0608000964219105 0.0458838865510811 -0.029881887401393
0.0518281527276344 -0.0192871065944406 -0.106629071532491 -0.0440868945572115 -0.0588350664086138 0.0821689869901053 0.0239005733575518 0.0310903643694319 0.0620899129446124 -0.0288202496830244 -0.0658550596741748 -0.0561367047563147
0.00811553748636626 0.00435094860412521 0.0285955546239394 0.0532604217253118 0.0710685985840604 -0.139051078691339 -0.0744562481629543 -0.122012256408643 -0.0104864229724037 0.069451442843856 -0.0555921521591536 -0.0490050858792296
-0.300304129056653 0.0437559432513759 0.000950567233728861 0.10452555120149 0.0317476826329039 -0.050816668909079 0.129645192508885 0.0046248908703074 -0.0325758376877832 -0.0631849949844139 -0.123152312047854 0.0356326279755463
-0.0358548220322875 -0.0877039603718119 0.00460202658889974 0.0103909466689646 0.0575929208300055 -0.153933766982324 0.0404085814578885 -0.0441096796878497 0.0123207008600319 0.0173578433120246 -0.010032141395902 -0.0545377438803417
-0.0718759064179461 0.103426470330495 0.0645323296161626 -0.0096174212217675 -0.0356473769773048 -0.076778331399646 -0.0495245270865837 0.167303447097083 -0.056047229481196 -0.0360613650335831 0.110774420023198 -0.050146835982831
-0.00149970663837806 -0.0672353642459939 -0.0527821234328184 0.00605211793182668 0.0613937232083876 -0.00168244434097008 -0.113437136680707 0.052577792598517 -0.0518838073034461 -0.0700462247542834 0.00423230948029006 -0.0259492489607958
-0.0575852071019663 -0.0316230268841791 -0.0882122553225135 -0.0535503361899436 0.0738325745080078 0.00876008371600755 0.0248629194355474 0.00862601587489981 -0.10584663331387 0.040502743387481 0.0234421690125508 -0.0237001734958243
-0.0126333902578284 -0.0970765715283256 -0.0403194321948069 0.00133302939668176 -0.0913228130844521 0.0092211140415536 0.0335308912738378 -0.0175565711366955 0.0573260105372269 -0.00718585084403449 -0.00708978398637663 0.0144981114437403
0.0141727811117103 0.0501354328303021 0.000956215477538263 -0.0935036168057413 0.02866794502145 0.0362212006541991 -0.0334433095333239 -0.00769572141702615 -0.0635595322704941 -0.129525541661207 0.0676545396595454 0.0829243992406402
0.00345752240289663 0.0224111543564649 -0.0278084880903526 -0.00556751605520055 -0.00670336204418071 -0.0555493377334102 -0.00630942746478049 -0.0254566101564586 -0.0212141678155303 0.0478206986698641 0.0129504541165638 0.0201830776789194
-0.0878014209224636 0.0125231134760504 -0.0103025334348768 -0.0228891953555262 -0.00573392161244688 0.0307596545782985 -0.049378767363248 -0.0290073752472222 0.0640777649100974 -0.00625296599067101 0.0106352533641493 -0.0281205655260465
0.0516096955746519 -0.106118784140899 -0.083168291010963 0.0784796209170977 -0.0905448070470898 0.0288384642716489 0.128872361076622 0.022181908072403 -0.0263024073943173 0.0734413375730812 -0.0258772835597963 -0.0196049470749442
0.0545667469844057 -0.0514952371035472 -0.125894505419205 -0.0227618736549549 -0.0155603269208539 -0.0595606853141787 0.138715884162484 -0.0715950930583704 0.0248078328286004 -0.00346216330140993 -0.0735454692932675 -0.0317507149846726
0.0562269320133548 0.0391007970746065 -0.0480499896710798 0.0797028780695799 0.0479571062352886 -0.0425212320004234 -0.0131310358569846 0.0621060350425372 -0.0130175004355283 0.0493251532100494 -0.00823905498483372 0.0313616059888626
-0.0642573830006802 0.0435758564954716 0.0516456157137448 0.0559250184114307 -0.0189843683567425 -0.0384110095067463 0.0867031939947151 -0.0913772851228659 -0.0796885286750361 0.0484622138108946 0.0130391510126242 -0.0937236382317096
-0.0571000970744446 -0.0498634868479751 -0.0219847576537526 -0.0179374955232123 0.0769422678402477 0.0295876656618799 0.0476448386325936 -0.0335404227398686 -0.0270497152452976 0.0188573483311916 -0.018500987241612 0.0452514232342805
-0.040243368339726 0.0760072874928807 0.03052789697695 -0.0131935657893636 0.0575972941555385 -0.0540207940873332 -0.0161710476932726 0.0981976662583566 0.163473012815802 -0.03371294812357 0.039956683507411 0.00873296304302298
0.139588654903123 0.0257695304475522 0.0137781330025435 0.0181289162931931 0.0219238273040058 -0.0283904734868216 0.08633826121372 0.0530509796954423 -0.0498788619764946 -0.0503133150777399 -0.0215488157405841 0.0234200854401263
-0.043131607333926 -0.0213766577809722 0.0213646540182092 -0.0144740983665637 -0.0596033237005385 -0.0166923160548313 -0.0534850789146792 0.0116365575710557 0.0725303525565652 0.00611698974846428 0.00315900182689785 -0.00607170668162289
0.00780502460388847 -0.0249966344748829 -0.00778068875718771 0.0319300009817963 -0.000702716342704262 0.0129057139027349 -0.00273919958823497 0.113964636188058 0.0130144256471717 0.0288469940191125 -0.0160689226957518 -0.152211114025753
-0.0540115133546059 -0.0268054392801822 -0.126594170447152 -0.0448998680802182 0.0098909919890631 -0.0288020717219272 -0.0319069209952351 -0.0604753326706662 -0.00366966182793437 0.0349285266548591 -0.0639953838280185 0.0272107209205286
-0.0176775598029077 0.0364822830131177 -0.00784343121515621 0.0497009079667458 0.112131765776507 -0.0151805309368494 -0.0544288963923897 0.0128400629797097 0.0135469750160584 -0.0730190556608517 -0.00431907627953126 0.0513507835110336
-0.0382347281067469 0.0672790370594515 -0.0259849971584777 0.0395902095463356 0.00363249955503172 -0.083622380040916 0.0634933658549024 0.0305172755077636 -0.058132748024261 0.00867099678323973 0.114592312725671 0.121128888485281
0.0978647463488068 0.0172288316609506 0.0620378124127366 0.010415443320887 -0.0188937020229683 0.0185430230099437 0.0280848819621657 -0.0584901875547788 -0.0352685783085864 0.144088305904966 0.0360120739797809 0.0591310569707648
0.0189961298513944 -0.0635967058651237 0.000719518469661445 0.0754208112495961 0.000723603105793689 -0.181457776997622 0.0299804579137412 0.0868999038831884 -0.011034797281648 0.0991547463388485 0.0142211234677608 0.110144984347612
0.0464607181757439 -0.048022232286466 0.0185129178149956 0.0651755801585762 -0.0125064525678536 -0.00339203778317917 0.0495215493470433 0.00956818227141953 0.0968059031649172 -0.0236283809091302 -0.040341495209539 -0.0356099366216618
0.0338744401260795 -0.0143593513401782 0.0800626109430333 -0.104071830836352 0.0340695084513226 0.0445466363835092 -0.0117858792868066 -0.0243926617369573 0.0462057793367748 -0.141996512208118 0.143610507187718 -0.0217053736403009
-0.0281487070996782 0.0235721916840744 -0.110035410122306 0.207085983493909 -0.0169163320031842 -0.0902480245316224 -0.0146945306056315 -0.0508986816979325 -0.0205819248980831 -0.0280150782616034 0.000176010159943483 0.0148268434566014
-0.0169080659466785 -0.00314592433249716 -0.00992771702483451 -0.063605590706915 0.00764136188554693 -0.0968956504847323 -0.0207705859652664 -0.0658019219759368 0.00734850984688242 -0.0234478626446942 0.0481824968075955 0.0150203552045556
-0.0288897031418743 -0.019555816085535 -0.0209030239992699 -0.0581150406123443 0.0500853428391548 -0.0762151938559749 0.0297487383654585 -0.0324735554580803 0.0938729446664282 0.00802489443636625 0.116352073589593 -0.0507499772765919
0.0533273607043027 -0.00997085666344956 -0.0261396351043501 0.0106640785499602 0.0335155151476286 -0.0175187229772298 0.0733981932873236 0.0169433849909684 -0.0210479795467839 0.0156308989393045 -0.00146629122209743 0.0255720088153206
0.0829687873770329 -0.038606770308073 -0.0734897734148227 -0.0209647742448078 0.024593131109721 -0.0356766919349571 -0.00305661015873159 -0.0331386362267848 -0.00553530666368253 0.00922039570151262 -0.0245056749080413 0.00286497419972594
0.01155979472253 0.0636643111776269 -0.000189617932293185 0.0534612627438005 0.0903222015742623 -0.016895075711671 -0.103560956741334 -0.0525824448839596 0.0795790486594545 -0.121889829017385 0.0359441808093184 0.00865952447991435
-0.0221782014882606 0.0683423860704262 0.036345135786221 -0.00603076860471006 0.0260534605519443 0.0241532679097408 0.0503119967573646 -0.0127006613375811 -0.0391917821396371 0.0831171678285783 0.0556178010453087 -0.0403332863361056
0.025186794387785 -0.101431616560953 -0.0849313178008885 0.0531941516330093 0.0663772724804765 0.128888792960925 -0.0997300161971755 0.0550411102876444 -0.0442401043884263 0.000939764122215296 -0.0820281379298454 -0.044442653587155
-0.0745112280233772 -0.0752493783289556 -0.101760279423803 0.030153311250427 -0.165117215547058 0.00212790696133204 -0.00980051353977343 0.0147319215927108 -0.0201546506310191 0.0359845132436265 -0.11458263023229 0.148575380368411
0.00330752038450682 0.0122750180210732 -0.000985568346754367 0.0168901401260802 0.0171558261678009 0.0217361567003529 0.028407746435731 0.0363043383602132 -0.0360695245557125 -0.0299149700542462 0.00498639945925207 -0.00413045450686821
0.0153719719460476 0.0542989974616906 0.0765847852722661 -0.0491517784132524 -0.0363522763141402 -0.0963706192192995 -0.0779895660325875 0.0281924638005556 -0.0494288732889544 -0.0996123672018177 -0.113970809491951 -0.0433293712362806
-0.0225905887476288 -0.00825295337403672 0.0755901528339824 0.0477030680486917 -0.101753977595134 -0.0647330761439085 -0.0219986701731667 -0.0271465270160592 -0.00979758216015688 -0.043747825797603 -0.0486113198937144 -0.00415681060357728
-0.00719725659804524 -0.0105705514884029 -0.0539504950451022 -0.12467365379469 0.0184536719642378 -0.0361099939571209 0.0836763841277628 -0.0326946088034988 0.0307680925508884 0.0135491051847903 0.0105357794048744 0.0718719736751801
0.0233898963851143 0.0659283265934877 -0.0293042718654301 0.118785673203919 -0.00957005833355871 0.00823666612535642 0.06297144254915 -0.0469977337169056 0.0574685563667838 0.00302444887507327 0.0385600160341375 -0.0389754157319402
0.0684079969264895 0.104802656970178 0.0605133285963031 0.015117753493189 0.057931024588327 -0.0903001964240979 0.0488978313470002 -0.0658308357897271 -0.0616669598857724 0.0385995115644884 -0.0250028107959477 -0.0701173558141325
0.0635366554960602 -0.116542137746397 0.0999562395279865 -0.0511020902178749 0.0684133290238036 -0.0416094361574984 -0.048019558860336 -0.00280012572111601 -0.0344278200791881 -0.130270132700853 -0.0849537737142612 -0.120955876651558
-0.0141812041611143 0.0360774812753107 0.00885348953725545 0.0212449415169439 -0.0117229943167631 -0.0134421025985317 -0.0257131898640537 -0.0141458927353372 0.0784895716748841 0.0199862846251378 0.045941719496273 0.0321966182156689
0.0591788350942325 0.159439601316426 0.0704213266420092 0.100645459462173 0.0354029271214102 0.063503870705316 -0.0942271466811928 -0.0769202960201 -0.00334728793812005 0.0331905927919188 0.000268288966727048 -0.0250328444337746
0.0397635197673356 0.0658428905712771 0.0411471483254671 0.0249164940570105 0.0361455197270085 -0.0936913754483023 0.0936180134321901 -0.0646778847071529 -0.0131930745560825 0.045996058474031 0.0735648931211771 -0.0762044481428104
-0.0326588053710597 -0.0545208848971302 0.0430997439650769 -0.0455021792682338 0.0184328019972844 -0.125065969463289 -0.0582496074904267 -0.0330953023617577 -0.0549225866455372 -0.0483816839595024 -0.147636104360973 0.0176763209907555
-0.00252142969542974 -0.0428741832899277 -0.105343033795949 -0.0656485707850213 0.0260130911296023 0.039637938175287 -0.0282326129940208 0.0955355054838012 -0.129214750953721 -0.0804432422389404 -0.113217456332921 0.0145669165548102
-0.0475218690768378 0.01967693573697 -0.0391804241454069 0.111660183023917 -0.101152004203599 -0.0813352263957851 0.0764061796549161 0.0372065286801743 -0.05494898530804 0.0571334373937285 0.0134721443985904 -0.104071652057089
0.0422239833834833 -0.0197356944397397 -0.0788589618997217 0.160542275133158 0.0918693016302251 -0.00308352645704555 0.0145617877006951 0.0265234759809427 0.200716261539315 0.0329107435724999 -0.0165368454459167 0.0267045860921636
-0.0662623347509859 0.0262349672095851 -0.0045242476324405 -0.00959032587050491 0.00925884760829404 0.0455767121542083 0.000587165202617844 0.0611921136955512 0.081210155176503 -0.0332160834851114 0.0765676484190603 0.00581105950585679
-0.00276922449825364 -0.0357913993932961 -0.0309689006696624 -0.0151370243444368 0.0237792510522372 0.00957350576659906 0.0324499643101931 -0.00366339860846088 -0.0422287482403067 -0.00497977920833308 -0.000251785264853631 -0.0159870610432106
0.0625496839011424 -0.00696199093449822 -0.00215310744764051 0.024398074824383 0.028852755915494 -0.0191885380977081 0.0384827296077544 0.020593903839918 -0.0246064838093362 -0.00926360011379126 -0.00468549105455779 0.0143596839227644
-0.0313765184687993 -0.0631510671931713 0.136041434354519 -0.0247348701946162 0.00771906012817305 0.0774352995518427 0.0540455362482031 -0.0264178958325004 0.00885692164559839 -0.0405753330290421 0.0503302219862548 -0.0266266514024417
0.0232353627240786 -0.0365188542163729 0.102033193112696 0.078200898307911 -0.13684120489363 0.10733582546085 0.0398465761214094 -0.128403894717306 0.0145102201530828 -0.0822359583520768 -0.0828298332327095 0.067371931505526
0.0137691403857887 0.137220762651394 0.0534290205668928 0.0720139094720409 -0.034386136579563 -0.0565434556421903 -0.177413830568438 0.0256990319961511 -0.090331895862154 0.0717226075610636 -0.0630880454548653 -0.021956329255912
0.0659130321919661 0.0510962440952422 0.0165655502717954 -0.0460537611934349 0.0306135632310382 -0.0878227238070157 -0.0891868366309354 0.0750102713179703 0.0184915455905433 0.0378435327970492 -0.0623540609533054 0.121948223836008
0.0442920072173151 0.0447733781456891 0.0524165968476075 -0.0141063415540988 0.0670736587373527 0.038173356054432 0.0371741914321342 0.00553646931794434 -0.0165572350875215 -0.018101995236909 0.0322095205000571 0.0192411914829322
0.0714622567710588 -0.0553898727635668 0.0462853823473988 -0.132867294650715 -0.0516655082414624 -0.0873837111745008 -0.0516835542715115 0.0256715538118106 0.00440771369767526 0.0384233552893996 0.0406228691045973 0.0662368854071666
-0.00264111315318247 0.020085246526814 -0.0204465617837165 0.0389938926082172 -0.00227600277894671 -0.0215467135500768 0.00771307198292008 -0.0169701234091147 -0.0114502015816233 -0.0219519462502601 0.000119631412406762 0.00536750399914339
-0.00754441344144052 -0.0116618340388396 0.030270948860467 -0.0250551839606613 -0.0405891233282749 0.0110195177753167 -0.0443752910423352 -0.0067131882560246 0.0226184683822481 0.00462878413774067 0.0296133108647938 -0.0307678714287931
0.0827203578034282 0.0126521849179155 -0.121954118256882 0.0231571573388492 -0.160906416887629 -0.140050935047444 -0.0568422097470466 -0.000461590134754564 -0.1120106996059 0.059574867144786 -0.0195757040053433 0.0106673910424253
0.00730110752307481 0.00207744200511296 0.0291493444468308 0.00273172706262939 -0.00594166918605819 0.0220098579934522 -0.0116020181307113 0.00439632592087811 0.00799156524298639 -0.0225622639809069 0.00831796434761636 0.00942821527970338
0.0617808378868151 0.0697642914727276 0.0544206474106053 0.0786518683443511 0.098697197816453 0.0256051978166354 -0.0138278039265136 -0.161433381629026 -0.0268663276494105 0.0873948409255766 -0.0365149065352394 -0.120827976805101
-0.0158558900012737 -0.00336178680958071 -0.0817856282089672 -0.0743406167836316 -0.0109262750338179 0.034026523739693 -0.037008737697398 0.000887555324695524 -0.019171825167965 -0.0567470208837121 0.0828325167645661 -0.0206351975873886
-0.0197011842990146 0.0348407043150094 0.0391429177266834 -0.0317903468525836 0.00769971205115826 -0.0556838020453084 -0.000288056278363619 0.0480846394519996 0.016622523592524 0.0182976531201896 -0.0235138724794605 0.0263394929761153
-0.0140114587327988 -0.0187514042120882 -0.0126109635914405 -0.0262880400614441 0.107853414033804 -0.0293743584353542 -0.0990726437711945 -0.0695209790654264 0.11007505185113 -0.0191414129330624 -0.0302061397661935 0.166833594705996
-0.0725940342218187 -0.00430132987985682 -0.00675793021969623 -0.0218299234765086 0.0469291281171718 0.053291865505398 0.0350839770095142 0.0127701620297514 -0.0551087174191827 -0.00689307003121722 -0.0186800144897908 0.0224482157205811
-0.028826175080377 0.023890065368542 0.0449240047875253 0.00478026413668076 -0.0341195529016236 0.0244273155242625 -0.0346340784976708 0.00596649495700657 0.0283605308873174 -0.000986074775762038 0.00137789931058845 0.0191935817027024
-0.053023776195751 -0.0336946129533139 -0.0479482796226622 -0.0241724981674869 0.0229792589959682 0.0410352249858683 -0.0100961623404546 0.00240011061732226 -0.0251319653624238 0.0296141277956092 0.00042085309147791 -0.0516537261760292
-0.0776881467784026 0.0397655850914618 0.0492513416888567 -0.0544614184833735 -0.0359379172446818 -0.058644278901031 0.0476091042339721 0.00187502558647397 -0.0241936457485523 -0.0452242307395311 -0.143306253321144 0.0105043865965863
-0.0033939600701177 0.0503873232266786 -0.0556909119194822 -0.00101010583694755 0.0210386851134502 0.0621510250209963 -0.0866862449685049 -0.144389850554632 -0.0571802959248679 0.0372694126932562 -0.0633032186323564 -0.0365460477869094
0.00484664664845544 -0.169576209868269 0.21049230117251 0.03773003423867 -0.059594634681634 0.00366627106560104 0.12606569852502 0.00594414813518838 0.0284786528304477 0.0487658241950352 -0.0121725430083038 -0.020366091016403
-0.0261959139204461 -0.0617462508307465 0.0105366146331219 0.0484362224397911 -0.0257206923991291 -0.0755688930382727 0.153393266310938 0.031370322126358 0.0708327169633367 -0.124315035051585 0.101182490906073 -0.0470302541484083
-0.0171083795265217 -0.0318050850345984 0.0169329436192083 0.084865221494209 0.0440902204303532 -0.0659376411575174 0.0551837432912747 -0.104653449554131 -0.0534030196865353 0.000484270648612556 0.0359306696376456 0.21189366171385
0.0271512015471 0.0168655897949304 0.0874432020202586 -0.0678925339839183 0.0272074220366738 0.0547000648649395 0.0170671212530699 -0.00431607075030637 0.00493502218257247 -0.0186369452797815 0.0474684638151118 0.116638533510253
-0.0136406717868382 -0.0172931560515879 -0.0339728476206191 0.00135769146731372 0.0180865900216211 -0.0524221472923788 0.0266060330425005 0.00714513439669142 -0.0267664130093569 0.0113657656575472 -0.0343171912431138 0.0357256696367009
-0.0376696897608969 0.0449924915277075 0.0374216652705042 0.147791687309806 0.0244261727458952 0.0389583419934632 -0.0898325610146461 -0.0665304559851899 -0.00110394054711926 -0.102013647808713 -0.0146468881048511 0.0772822628190854
-0.0205063357925399 -0.00926199196201653 -0.0505004293668172 0.0428691353157289 -0.0548294781496868 0.0618843724146051 0.028016231677847 0.11500845447676 -0.055881010698679 0.0103749452686592 0.179254899491098 0.006908722591666
0.0530176938444481 -0.0449234815990245 -0.102463439521381 0.0520507338358527 0.024204210727078 0.00848184615056133 0.0308723194883054 -0.0458707166937547 0.025649763883275 -0.0169876954628425 0.100672638645488 0.0208097018984582
0.0352807074507758 -0.000647089440198783 0.0170035465240708 0.0667857441082908 -0.00920449147159864 0.00267741277577505 -0.16704760710213 0.00976495141744396 -0.0412016601201444 0.0272240014725147 -0.0649830049434311 0.02343636780914
0.0888704919572388 0.045667490042962 -0.0614076431809558 -0.0159266689752877 -0.0269769488533349 -0.105840163511136 -0.0103057262121424 0.00497070747118611 -0.0178843224980855 0.0392131651379873 0.0986661159291811 0.0251590440939389
0.0746729388335625 0.0287179908223758 0.0493844086820722 0.000166841532957504 0.0224045388672058 -0.0992757717108984 0.0621167746869626 0.0406771214906229 0.0667998106974113 -0.00790386187464378 -0.00269308461173887 0.0258321812813952
-0.0139610254318803 -0.00973267646158948 0.0232159765361067 -0.0394722287564663 -0.047697459644068 -0.0477330644425713 -0.095398383364703 0.019712267689638 0.0811823191899863 0.0631527595523745 -0.0475328260146286 0.0723419771615313
0.0166705047950665 -0.0330781525755173 -0.0124711118915701 0.0389437804763851 -0.0652166442848976 0.0226996980432541 -0.0663177920003735 0.0651409872829009 0.00521063146089204 -0.0593577485158513 -0.0546838095798239 -0.0481149071593757
-0.0496485995714267 0.148862593853977 0.017008967892163 -0.0210164004624745 0.0349233992482357 0.0754962948411434 0.0683242845115533 -0.0935006007767891 0.0299039678240277 0.0167383063889652 -0.112805137560502 0.120112653960981
-0.0333167467567199 0.0125491539369735 0.0056601842365105 -0.00360217684817991 -0.000442727516125456 0.0192695258560928 -0.02626461586816 -0.0172445320452843 0.0143898179541105 0.0217705523418653 0.0162805496421809 0.0038021996640271
0.00469661665900014 0.050658337673413 0.0520611143520018 -0.0281370437792792 0.0119712505746283 -0.0123750957149308 0.0101469307063995 -0.0588278325373579 0.0416088575419344 -0.0274799711285237 0.0338274243504707 0.0411726899367656
-0.00230907429989654 -0.0788160881823679 -0.0355685370399335 -0.0618364685440036 0.0223930951229913 -0.125663150919694 -0.0371288820061575 0.176748860347437 0.00939730987458261 -0.103607734990813 0.0629118400944539 0.0636273683359799
0.0491025280083172 -0.149049625088697 -0.065032818335434 -0.0195790438773664 0.0243136392007881 -0.0337677472399534 0.055743874760555 0.103785563052077 0.0327193857982945 0.0743332725864028 0.0368925252882342 0.0180969353852218
-0.0797143790933922 -0.017752089005344 0.0361411035021089 0.00760768401600605 -0.0097611169695544 0.0904675464996349 -0.00296008693016889 -0.0241464314271485 -0.0865118094542229 -0.0419731167048646 0.00272231507977601 0.0488756491188982
0.0488067559682453 -0.0241081311606722 0.0167534014367813 0.082413483472864 -0.00674755645822663 0.0117178693411395 0.0148182133819813 -0.021122561285507 -0.100013057738264 0.0692087018635902 -0.106049698552096 0.0768317396966507
0.0163390650388292 0.0286538493781644 0.0242249870382274 0.00677494132867172 0.0436092965049016 0.0158258303482618 0.0667434081777658 -0.0352523086919592 0.0204834829763431 0.0477261605646583 -0.0860397742063669 0.052409812162892
-0.0373595670249567 0.0108621659997529 -0.00921813576080979 0.0227950625734844 0.0447591012738509 -0.0341800936596096 0.0197719250320701 -0.02539717268018 -0.0535163765413188 -0.059518642081841 -0.0920615360724121 -0.0583031171446833
-0.0679947105066114 0.140563261969541 -0.115931006095501 -0.0296512159253446 -0.0739585231832603 0.0218477422204539 0.00294608665256687 -0.0374067187165806 -0.0843847848125862 0.0300723472877281 0.0504050688095944 0.0239153788050438
0.0468330021126055 -0.0646589859246818 0.0122295509385763 -0.015749869438254 -0.151542429076401 -0.0721174798715161 -0.0729165460578042 0.0329872255256492 -0.0229037720702347 0.00132165983200878 0.0735153574442836 0.0740941312495633
-0.123119610644594 0.143574347752679 0.0479228019049846 0.00737342413510046 0.053130690328459 -0.0556265366411799 0.0939834023077513 -0.0264749764557803 0.022791125988284 0.0541249387333764 -0.031143593794971 0.0769017086677109
-0.00321689792886872 0.0302880141305179 0.0168350791019007 -0.0128125470854001 -0.10422317120295 0.0204861688465067 -0.0252650981591651 -0.0238672915075384 -0.0192840547393457 0.0668438527909741 -0.0815783642322728 0.0715964373478651
-0.0782910355112269 -0.0613676422185143 0.0512641177539059 -0.0202511863505221 0.0016785008337479 -0.048354239903246 0.110354533614738 0.10654215351626 0.0411249597482301 0.108182680842072 -0.120575844326233 -0.00239173477597499
-0.0801174149282828 0.039814972151704 0.0158719465650758 -0.0798464955153271 0.138475702105298 -0.0379511693237028 -0.00425684137240769 0.0441196414514144 0.0323545642514417 0.0108636046053179 -0.138677331306985 0.0507035388894887
-0.0828446723061435 0.0719899092983249 -0.0272646822547062 0.0318149608292189 0.0538811557931908 0.0759591719413844 -0.0875517803700299 -0.0263683155760037 -0.0340539028399751 -0.0132339652792713 0.0264367939977452 -0.0657080126556532
-0.0393138544382434 -0.0272244852631362 0.204010653669474 0.0120238472997077 -0.0416705175942129 -0.0162752605436262 0.101154373422422 -0.0106251811952491 -0.0851771560533638 0.0243885965004833 0.0910417488023492 0.0302498374299188
0.055018372179523 -0.025941754671704 0.0292580803649769 0.0125573360404718 -0.0117104929016942 -0.0414204223214538 0.01429239087895 -0.00605945930828386 0.0195913656705813 0.0057773694889748 -0.0396800827981231 0.0311940814739862
-0.0914459663260248 0.116590560462638 -0.0996610249038551 0.0230419147676615 0.0582174442378795 -0.132798658999478 0.0424090250611307 0.0259777858189716 0.0630441559912322 0.00519451326342124 -0.0206992219687953 -0.0293731544954408
0.0364092326036445 0.0484074085681914 0.00851305509093832 -0.0815905674412934 0.0132141468297105 0.0616428456639635 0.0485645178759031 -0.158745897298765 0.0535705087141067 0.0601481648065177 0.0396200285362413 -0.0487286371242184
0.0200865084391009 0.0664631466960696 0.0385729894365144 -0.0151082843807439 -0.0325416860886031 -0.0592534195217799 -0.0936589999855996 0.102907013808682 -0.0110587441250383 0.0694526669748953 0.0350096582226799 0.036569568390052
0.0301089262718455 0.00998732872266503 0.0218706776575378 0.00246883844873488 0.0441835178702551 0.0188813786647191 0.0548118019978598 0.0399522033642891 -0.02619284078316 -0.0170431069381546 -0.015525057270012 0.0296230769134588
0.0136129134947898 -0.0117241723570081 0.0345275214805143 0.00415124617095174 -0.000553499994664777 0.00451980941951843 0.027380789229844 0.00904702209826017 -0.0268523888215707 -0.00705381802161791 0.0221086977989463 0.0172530258767879
0.0438770256964587 -0.00399172330778468 0.0513185844689382 0.0103882727420219 0.0347813187218459 0.0530200865417 0.0105611315511163 0.0528483243899789 0.0601009977516097 0.0555474227209922 -0.0917380313560086 -0.0325604780381627
-0.118689973706838 -0.0392317678278599 -0.00181756465256856 -0.0140733670998371 -0.0775039284840607 0.00374316826552141 -0.112924864894592 -0.0686205689635697 0.0514109273538535 0.0385952646692502 0.0430176414240317 -0.0630294102148905
0.0196242151314368 0.0566019240125762 0.013857594257306 0.00971286756647245 0.0828733664992609 0.0696889439817458 0.031449987985747 0.148890537899782 -0.0187619764152155 -0.135146693048419 -0.0407544019199027 0.0868249969756932
-0.0357753173719828 0.112019487239568 -0.105296757176165 0.000744286505809349 -0.0457743869878686 0.018322614641169 0.00644586891365258 -0.0570406322212633 0.115979777949709 -0.0179731543625997 -0.0616088504242917 -0.110727241762885
0.0436245495806055 0.0661678303993954 -0.239269098106968 -0.091318262982844 0.0322040223990801 -0.0594279892599613 0.0392241774842034 0.0162763835631952 0.0448480603004547 -0.000373602501108318 0.0510466325626904 0.0058269474194365
0.0634209170736401 0.0150370131897739 -0.012735399606908 0.0565841309850639 -0.0311183668675477 0.00867140665052741 0.0204458719505366 -0.0454648547150795 -0.0491282354777426 -0.00109257333568339 -0.0163841705007576 0.0371687169542043
0.061980132415804 -0.0701134279672668 0.0708745169510693 -0.010644678011654 0.00619412237992836 -0.0540250136511606 -0.0387482393476074 -0.0878431628153393 0.0608118258961511 -0.0269761664010519 -0.000437828771744318 0.0364229102812604
-0.0374766918434406 0.00764036291000791 0.0471961843576842 -0.0218883652641975 0.0610938789494448 0.00136325183216395 0.086177561399787 0.103768073320804 0.0473727879637135 -0.0607737554546091 -0.012523011683671 0.0158727655754059
-0.0562438154071192 -0.00712596385668438 -0.0413551282145817 -0.0518249047067787 -0.0219542871491525 0.0208793901578805 -0.0762400994365695 -0.049942868792124 -0.0650642685381011 -0.0466850365771869 -0.0217536811772485 0.0300443095142653
0.0757528690609002 -0.018077142488233 -0.00152443860687655 0.0027536802726671 0.0239594620951026 -0.0336573587055626 0.0159078753074073 -0.00757744528988907 -0.0591828218383127 -0.0113938156053945 0.00147791780480621 0.0143897195735487
0.102896496525173 0.00324815711013584 -0.0462650091614549 -0.00167437721383228 0.0503598022618379 0.123143096597904 0.0555876419312934 0.0226651397342013 -0.0743315457479384 -0.062543899954616 -0.0413214629070035 -0.0457831252525257
0.195034496563465 0.001811610802638 -0.0296883068023989 0.00904127702779362 -0.0122481729350593 -0.0635776392083735 0.0099767489216504 -0.0118764488743515 -0.0111907929986912 -0.00448883578164215 -0.00524459852815026 -0.0310455444145583
0.0135267217388448 -0.0335714780131278 -0.0584550804142452 -0.057795920056062 0.0426515597884289 0.0866448458558837 -0.0775430994057964 -0.100205069936524 0.0615346160427463 0.0143146912789091 0.015361326163674 -0.0141849114321683
-0.0546949280383424 -0.0698651943565629 0.100281881903529 -0.0272086418147858 -0.0199196163906313 -0.00238362304093137 -0.00331282980522355 0.0596883987193838 0.144268959476506 -0.113134599102379 -0.069973232846062 0.0272362746625705
-0.112535873058464 0.112108274967325 -0.0454705373397251 0.0688228512124691 0.0526713792924242 -0.0916758761649729 0.00813360833504638 -0.0164525815254672 0.0447907128238089 -0.0431735443809687 -0.0335386490236052 0.0453942158119761
0.0477731981457492 0.00649549380103263 0.0151778683769346 0.00206854435042954 0.0120850478770343 -0.0207002472343126 0.0214233257789541 0.00447526092356836 -0.00871393994872391 -0.0171678703082132 -0.0279982336994121 0.0249984872661786
-0.0353339308325381 0.0244005633792395 0.0218454300259048 0.0858117451072292 0.0169527347312012 -0.0515931094563933 0.0248775064516287 -0.012221654015205 -0.0776222428286589 0.0422770339078207 0.117537714185147 -0.117049673819146
0.0172488268216627 0.0319272009344157 0.00236584564068979 0.00866404233386571 0.0323209782868357 0.00580764969261473 0.0612480878527492 0.00827400657221959 0.022550648697811 -0.00130104025597611 0.00197629673457821 -0.0392029939720019
-0.00410027046750153 -0.136602790374675 0.000312651264146118 0.0391522583064291 -0.0361242639256949 -0.0431841052143371 -0.051252959146383 -0.113872191196302 0.155076949515614 0.0105622934608521 0.00867253545968815 0.0871669855404797
-0.00806829183121588 -0.109911316145089 0.025736060514641 0.0216578182108823 0.074060111783604 -0.0920895715218799 0.110982222274233 0.120129209555792 -0.0675090921344903 -0.0295980931039715 0.0289618483262453 -0.00458118747506213
-0.0334981142989753 -0.029263535047018 -0.0111350899915262 -0.0680671326756782 -0.106691794568563 -0.0520389199989972 -0.0493559839790922 0.0569519605839 -0.0260807699821442 -0.00567238312534976 0.0487408365218379 0.0617034927255759
-0.0472748579758621 0.0403431240828975 0.0123300776233933 0.00498602879783555 0.0637927566122369 0.0602891857822429 0.0687834998289654 0.0561063460742897 -0.0267056523296865 -0.0404399458265924 -0.00564651402562376 0.0329891932448102
0.0380375517505451 -0.0137482600138537 -0.0487519378775325 -0.0128927394645897 0.0439225636036556 0.0348103760655548 0.011273098732297 0.00879358095183857 -0.06890587843649 0.0595694579582526 -0.0115463051663552 -0.0393669269208783
0.00748185173431036 0.0476080457390652 -0.041327171940308 -0.0396416226396331 -0.0283871017150502 0.0349759847919141 0.0187586413428356 -0.02434131970997 0.0244041611420295 0.101554276974823 -0.0327950713805218 0.00926197809029705
-1.36979942718165e-05 0.0154349102784029 0.0709922637068148 -0.0265475596406522 0.0443747006206902 0.00625054605542372 -0.0701715199074655 0.115674885129935 0.0491468573212445 0.0533113432230965 -0.0271344846691274 -0.00182851131299931
0.0364412012871342 -0.0785875215298399 0.0623887645494586 0.0580552695594329 0.0985527895945762 0.00149004249172813 -0.0139501810542957 -0.019870125925009 -0.018283565002585 -0.027120424497377 -0.145086318003725 -0.0907570256662755
-0.0441040452410498 -0.0793075620817881 -0.0573778602874492 0.000414458028425542 0.066121777923489 0.00980219051867872 -0.0572481204312435 -0.0329399549282659 -0.0137284646342577 -0.00738882697133932 0.0626291385099785 -0.00263439886831813
-0.0748814357329371 0.0412180197449402 0.0434321680700152 0.0145404082759036 -0.08919893876886 -0.026871042578721 -0.0776312932479103 -0.0123276556103074 0.107846999112166 -0.000765561880941975 0.0226975056868951 -0.0484389558931721
0.0463292816792911 0.00851903773165076 -0.100554414645835 -0.0513473508685272 0.162183029219693 -0.0130947649525898 0.0751688899172876 0.0182355468511446 0.135793709161712 0.0439122576643756 -0.0437931002629728 -0.0631486676244795
0.0136679628753819 -0.0349199764907053 0.0235161676885332 0.0689126269009323 0.028039063376351 -0.122722694579985 0.0499357429689382 -0.111124352871561 -0.0261130496519706 -0.06123519030585 -0.0100064476944259 -0.042128676615599
0.0888966336619202 0.0309762550850809 0.0480889648409961 -0.0710518697806711 0.02136572201311 0.0343280094734593 -0.0809214101139476 -0.0390560522937609 0.00307129409101768 0.0184998176933541 -0.109954557630269 -0.00176431916127249
0.0151866118901427 -0.0722806306513242 -0.0485246412826476 -0.0683753496394799 -0.143249533903391 -0.100177298274393 0.0321032516417791 -0.00342991221067912 0.0457085429154675 -0.00394281553818298 0.0476135137750525 -0.0469354780959499
0.0707827966382484 -0.0138835951221887 -0.0366120091299435 0.00803738252633007 -0.058719005243005 0.0926254340756906 0.00330670146244162 -0.0484698993148756 0.0664106255264467 -0.0880975128500193 0.0131876710876131 -0.0702025896615485
-0.0605664619587977 -0.0267383559412848 0.0149719930871138 -0.134119334507631 0.0162719987427346 0.0517745318035502 -0.00326865432579931 0.0278127501529795 -0.00692826976174393 0.00921418158982394 0.0594524863545794 0.0884921632281831
-0.05366245707689 0.0702781359032582 -0.0035293911818721 -0.16118093489891 0.0821320184170582 -0.0340330755933113 -0.0375132679162069 -0.075570684624294 -0.0245285501750276 -0.0406719494183011 -0.0060547605533047 0.0182230382679883
0.0602323472767906 0.0736536145684102 -0.0513321325699687 0.0116829380810013 -0.0696227642818191 -0.0150750194086708 0.0581081476977722 0.0417190888651981 0.152238395664271 0.0441755570602949 0.0076541635333467 -0.0212557046747385
-0.0221068623181191 0.00536514427068472 0.039198548692543 0.0081298756901023 0.0105120434425511 -0.00279730629995794 -0.0674299389925912 -0.0993715973504278 -0.046164876492548 0.0797835834002436 0.0169828157506378 0.064633687563456
0.0606829951428973 -0.108691253789548 0.0955322086610186 0.0659215703017556 0.0702790842917443 0.0461798675970941 -0.064444403066142 0.00257880617462614 -0.0026076791347688 0.0280418373043199 0.0793499548579317 -0.0136538708271063
0.0342361688539289 -0.0478861239328231 0.0329823947676521 -0.102366218073474 -0.141894475505066 -0.0231046456422398 0.00780737346274062 -0.122516391133561 -0.040693425132182 -0.0789333079381747 0.0287062032053712 -0.05275568575678
0.000815471213831186 0.0731416091666294 -0.0229268548057397 -0.053417071642189 -0.0817940000032916 0.0746683484256943 -0.0341035023809739 0.00629398259556471 -0.038024381281062 0.0434267216044197 0.000523640626180692 -0.10849453912587
0.0862034581091109 0.0485279199511949 -0.117660712407492 0.00833107503144116 0.078577445032983 -0.0614606244571867 -0.0442134215842192 0.0725555358569138 0.00811161455720914 0.105297450940683 0.108585124434826 -0.0092390649204694
-0.00598899185297492 0.091618675201866 0.0501939249465376 -0.0798864933552031 -0.0671796064671169 -0.0922356263156579 0.0845215038729506 -0.139746206581385 -0.146671839910664 -0.00630736077314084 -0.0135775330729285 -0.0165602758389288
-0.0257189732217214 -0.144379209647585 -0.0865033902031044 -0.0708163306438798 0.0548058451311563 -0.0446073267997898 -0.0700595240967843 -0.116109929055928 -0.0570723898517839 0.0888133910072718 0.00806441658379035 -0.0754777778210998
-0.110880803724419 -0.0855876006574465 -0.00924193439544512 0.0755092382910706 -0.00139047264126889 0.0359480305066536 0.000289100470475972 -0.10860009178612 -0.0883945566969982 -0.132110806139355 -0.0377038686126687 0.0509725772514655
0.034173753250255 -0.0958282444627327 0.038821529815252 -0.00543182652411645 0.0141585089344025 -0.0756964370100693 0.0230251088028152 -0.0436397266769331 0.0912159426662655 -0.0473448384951883 -0.0884408356159048 0.0338089383044885
0.0886399908069253 -0.0193989429623949 0.0332226373031679 0.0629733125227393 -0.0833830807063075 0.0855176648935643 -0.0272968388455915 0.0612790638436777 -0.0289270437085904 0.0428740606815689 -0.09230345617175 -0.0739026360001393
0.056514842276584 -0.0154164483235338 -0.0207601597854103 0.0262924025187365 -0.00943234647104542 -0.0566870974395261 -0.00823109432806737 -0.0134689550372782 0.0219045391152917 -0.00366761390877626 -0.0303679968595681 -0.0202455797375488
-0.0533881648205962 0.0259956371995209 -0.0278551227321553 -0.00645650745779107 0.0602615787496582 -0.112156847345041 -0.00263449792686794 -0.045007673363564 -0.0749016097955939 0.0236752586370042 -0.00317805831139593 -0.066361759715366
0.103726170421187 0.0105219671773698 -0.0220688670950886 -0.0061600150600877 0.0469860333032859 0.020197073246301 0.0712894817316019 0.0361297038498013 -0.0517342773133833 -0.0398096286168245 -0.0117013527768246 -0.0323018719308604
-0.0438988557629566 -0.0193316263973215 -0.0267865595499674 0.103656880904554 -0.0363567960173949 0.0490820382386607 -0.0028682889614777 -0.00529199416380693 -0.0609625560994994 0.0756406420006162 0.0265842115974679 -0.0313889681548129
0.0336749030250433 0.0359623024499685 -0.0249119362173741 -0.111817164868796 0.0324787701682758 -0.0649085735960083 0.0378957300554965 0.00952522866889593 0.0166468630442489 -0.0438631072501812 -0.0312124426610569 -0.0405326108326625
-0.12245857183425 -0.0296668858826739 -0.0243907126814388 -0.0124331451167187 -0.0731915257214422 -0.0152138093943742 -0.0502452121903851 -0.00530862355558358 0.0649623267562549 0.0262433418614427 0.00591857357310589 0.00399604860043054
0.037543479510347 0.00507697159277314 0.0581315109390262 -0.0288000688448762 0.0210127814983006 0.00634608032272072 0.0642329755017353 -0.0163289878257459 0.0258240522388589 0.0314726682431894 0.033759453159486 0.077675099536022
-0.028173003616211 -0.114602447036767 -0.00665476636700708 -0.0603740672935169 -0.0089794701737957 -0.0795711099057663 -0.0287827055094924 -0.030018869795543 -0.0292397452137208 -0.0438042857194754 -0.0518286346387897 0.067990906379203
0.0875983293394706 0.0475707835150489 0.0671652218310155 0.0244257040729886 0.027007427428091 0.000310181035984703 0.0790780597967989 -0.019962880888611 0.086454674277894 0.0794728529263412 -0.0418187269448616 -0.00368245330907911
0.0463674793927687 -0.164641278414261 0.122096956193426 -0.0215040343577558 -0.0104846866504094 -0.0138618651891752 -0.0152001209817565 0.0240875660004958 -0.216080520256175 0.0367960743184369 0.0739006482876089 0.0430267047133287
0.0229323564560221 0.0202603176277123 -0.0785042674896174 -0.0457983505303745 -0.0341707506970247 0.0171372427916194 0.089430483637892 0.0119659036536334 0.048773848528723 0.00249522552460353 -0.00701581523741467 -0.0487279872729409
0.0197500240310242 -0.0388256495917802 -0.0399631240091247 -0.0276601948115513 -0.110028665487778 -0.00219917860547181 -0.0666520557103379 0.112860373450397 -0.0292089445131265 0.0367564556856806 -0.0813179582939414 0.0622385068083963
0.114673566253759 0.0355344322537331 -0.0621056379511799 0.0186958729660848 -0.0610526533820186 -0.0271570275343033 -0.0504429958710758 0.0170533500466798 -0.109868990494577 -0.00104583809368761 0.0629895480240551 0.00324228188660333
0.0161188935489515 -0.0276263643936367 0.0237350282233982 -0.0684392642997963 0.0398922437498195 -0.0368725540599328 0.017810089093509 -0.0918417422798973 -0.0876335236304617 0.0639533464833997 -0.0371710261494137 0.0468187263318972
0.0681629949113362 0.0115497605814788 -0.000747694596887238 -0.0812671641747636 0.0274658633303354 -0.00566989848597813 0.0269318808114037 -0.18249200921077 0.085554655386709 0.00117315925651382 -0.0142384443820118 0.0417325711178219
-0.0252236708067495 0.0184577785847957 -0.0527742374707955 0.0143899739614786 0.0642105760819643 0.0353071679095339 0.0204025786307793 -0.0530854762723598 -0.0454271423692403 -0.0730050957487099 0.05492225722482 -0.0100726304176912
-0.00186929475553266 0.0174219484373772 -0.026362934665445 -0.0791242106833856 -0.00594291305168588 -0.0270399151514794 0.0454465978899008 0.00925313091653881 -0.0130641046003623 0.00853264089128588 -0.0639237279938951 0.157720860641388
0.0324436429726706 0.0467272979013738 -0.023563386053288 0.0999433703114656 0.0273695465318006 -0.0168314084883376 -0.0153505607383092 0.0722014970178722 -0.0246252623769021 0.0513956359857508 0.0846466403913015 -0.0255943011504968
0.0166718500624233 -0.00953971962587475 -0.0483094055514142 -0.0414813062932902 0.110425349549913 0.0624060296995345 0.0743765353261825 0.0262402182144079 -0.105423325351675 -0.020916217510206 0.00295538730946606 0.00391996497346027
-0.0777512924107911 -0.00847377265320652 0.00847574199441753 0.00799646181792781 0.0311928415536239 -0.00788685594472242 0.0567258530399216 -0.00101621528166799 0.0124997454763275 0.0551899327854731 -0.00467974915233104 -0.0191658683082941
-0.0397946779644576 -0.0176267526610061 -0.0111029286710285 0.00547918166289132 -0.0204344130995191 -0.0333680357468442 -0.0126142606724898 -0.0105363942160279 -0.0184210583092091 0.00118632295301162 0.00371363555461347 -0.0387493208989225
-0.0652064887224874 0.0553645389117484 -0.0234833299039607 0.110886276630257 0.0635683152589196 0.103349574455507 -0.0999862482854175 0.058629984215311 -0.0017909779250231 -0.0335002395447652 0.0829293561185531 -0.0246902475009781
0.0290305696576882 -0.0397982463159638 -0.019504254365104 0.0178692266606849 -0.00583662776164483 0.0321308629539616 -0.00495502534075957 0.025639261992421 0.0956484723635691 0.0342896220015563 0.0383158107423363 0.0675925530990696
0.0312514084018784 0.0659787546763481 -0.00124194439483272 -0.064941764350158 -0.0305840607800662 0.0258188319202688 -0.0386911319582118 0.0419016454792545 -0.00444738261352322 0.0434038905267422 0.0258802975909388 0.003228161363719
-0.011360469357602 -0.0394628413011965 0.0263178804602333 -0.00910335845869089 0.0498581138150915 -0.0885110426193111 -0.100264908010431 0.102061085095537 0.0385410473778767 -0.0410194029304697 -0.00795136706425746 0.0601099138064439
-0.0151693221898249 0.00808386171240567 -0.00685046322651591 0.00315155756674683 -0.0120743425548925 -0.0305843270517833 -0.011952765199705 0.0325346396332975 0.0139872125915584 -0.00963181143066668 -0.0189038239623171 -0.0361113802307293
0.0435583506063907 0.0256894806363064 -0.0880880784212864 0.0239446184757972 -0.13252698341077 0.0131580133693058 0.0453130463656933 0.0560601315264881 -0.0412196557747487 0.0667878984390453 -0.0114835408245159 0.00292269803763554
-0.103989014656313 -0.056281446001009 0.0640105195101642 0.0611491334538313 -0.011614617194572 -0.176789002029695 0.0138557652998808 -0.0309820597367238 -0.00501737138385297 -0.127247103848375 0.057124760581278 -0.0612396252476138
-0.103113928471566 -0.032404200356337 -0.101825051129609 -0.0552095731753166 -0.0117386067745325 0.0473258363921418 -0.059456327314774 -0.0540508744320113 -0.0261550141434964 0.0908015117837183 0.00512138902221426 -0.00505226205710483
0.0780910764570291 0.0332873546804673 0.0682334765899646 0.0471331097542524 -0.0479587297431543 -0.0107427827517301 -0.0230715513375497 -0.0108036867010322 0.0439161267453573 -0.0368280703702257 0.0113562383385227 -0.00559886533741235
-0.0248297365860927 -0.0689433792068469 0.0208144618156904 0.0122654298815107 -0.0746143869652509 0.0617517550545619 0.0285175970396845 -0.0272152669349524 0.0377588584504009 0.0622323633481853 -0.0871299790363963 -0.00704835607858565
-0.0262020605393402 0.00555937320336139 0.00927831734745732 -0.00377813086339116 -0.0139614654504241 0.0272882602596163 0.0149158472391472 0.0316531000376372 0.0214354659291553 -0.0109863504475358 0.00754018784326898 0.0452066092801288
0.0495941341383914 0.0262443717347866 0.0883177473643684 0.0263894494321336 0.0087530412003224 -0.0682760222260378 -0.0199323310478414 0.0585176980353827 -0.0537850540548378 0.052310587731161 0.0916962918427158 -0.0244148855079036
0.113405708453467 -0.0573889851251174 0.0665419831622973 -0.0531386514943431 -0.0860709199315546 0.0158634359263803 0.0829363727048705 0.0380531980102658 -0.0612720317709491 -0.167064525309828 0.0751966465130091 -0.0108163080663452
-0.0493886176856266 0.0503731932877897 -0.0570272773254382 -0.0204903433846049 -0.071678366564504 -0.0486475071743035 -0.0209819703789927 0.106810568111501 0.0763748045035857 -0.032764868946386 -0.0790265369774846 -0.00688579772856643
0.101789720084805 -0.0394463791208854 0.0448611729210957 0.139749424854651 -0.00823074092777298 -0.00696452758882112 0.0468047471226584 -0.0237619153278752 0.0927915590061097 0.0134812229384805 0.0817309723588601 0.0282234480389752
0.132171716662457 0.118247214980649 0.0497609167417597 -0.0106256739321049 -0.0467213120941252 -0.0451942569188174 0.073180115714591 -0.0114935592895986 0.0133160121230209 0.0482978914227363 -0.00560065603922837 0.0249064051840143
0.00931288641518781 -0.0813142617885304 -0.027496630335378 0.0654463944557125 -0.0117232564190835 0.131694830356611 0.0418625186578455 -0.135679698588838 0.0700999475003239 0.0314198098734334 -0.0663149309622447 0.0147157994307431
-0.0559533750338623 -0.0201358544628043 -0.0101824857116136 -0.0242880868443654 -0.0122013760059157 -0.0802107457288693 -0.030424503942841 -0.0261084217327686 0.000734545054495249 0.0109320550560709 0.0645660140214197 0.0398562011632069
-0.0118804374762767 0.168789759200593 -0.0532015600685501 -0.0279022792176001 -0.0752337595814859 -0.0279671455384634 0.0633201787059527 0.0100536392929218 0.120353507287886 0.00602956814426447 0.0873649962768751 0.0145196048254457
-0.0174354807413675 -0.0236279933846788 -0.0651344956983745 -0.0185906342968944 0.0233535007959203 0.0436035747989812 0.0281452718049591 -0.0985786170390972 -0.0436583455731142 0.00648423721469087 0.154471206583905 0.0381300489712363
-0.0273560612483904 -0.0835016412468202 -0.0664218376289113 0.00636400366013036 -0.0273794589818987 0.0424485281757805 0.0571967408459151 -0.0473823615164515 -0.00925626045199163 -0.0457583126358596 -0.0406059282235517 0.0870686656254046
-0.111692967847883 -0.0717324839686369 -0.0457803231280318 -0.0559554229034934 0.0213734489679052 0.0257546633879071 -0.0143519031127316 -0.0135136218138871 -0.0420580929889287 0.0326377547267691 -0.00030914340604917 -0.000900355591004559
0.0881840339228149 -0.0766031998252321 0.00928367225949869 -0.0570244567811952 -0.0634514045701868 0.0189460919317665 -0.0810720033337799 -0.00575799222880215 0.0216476625811045 0.154814771365091 -0.040857341290346 0.049130572635117
0.00970620201059747 -0.0350548301176368 -0.0844308259312928 -0.0526388399903972 0.0447737019381721 0.0787133585540785 0.0879376097303503 0.029004885256585 -0.114474262525281 0.0536312362576058 -0.0343798780771962 0.0973359574499483
-0.0316390195308363 -0.0439416601292483 -0.0271916267438072 0.201766007112255 0.066277944402294 -0.0270180115270498 -0.058898778725326 0.0280219171794255 -0.0517370383261429 0.053582983052811 0.0312619373419137 0.0475345418870688
-0.0747239401170719 -0.0160644833845228 0.0011738187446344 0.0272995549483515 -0.0017907707227394 -0.0354138709269763 0.0112231016405408 -0.0654570151537743 0.0287910106760614 0.0273913823590091 0.000634295225049773 -0.0781707251328881
0.0858626080125301 0.000823974380462769 0.0368113962058847 0.0507077565587596 -0.0269911718372556 -0.000944187226419453 0.000808743721097457 0.0263439008334967 0.0341574575451847 -0.00764535774537498 -0.0294821822544833 0.035561983738808
0.0425840337849384 0.0747186572491684 -0.0606572431972164 0.06823529831392 0.00292747243135924 -0.00747579141258251 -0.0129201072901773 -0.0271082386533619 -0.00283185162175391 -0.00767570008269586 -0.0728183937327495 0.0939739407625945
0.0100547763216724 -0.0183731827676461 -0.115298830845284 0.116380558072491 -0.0790253913213644 -0.0303817837706161 0.0359745141672758 -0.136876560014554 -0.0287680887268938 -0.143473990094832 0.0328497710107816 -0.0268468830487209
-0.0329127657931997 0.00149814234685999 0.0980578611159586 0.051392315373507 0.00201307960013022 0.00793984606514807 -0.0182088318901049 -0.0377084116567102 0.0178996979150231 -0.0316862384039873 0.0521000107649443 0.0432124369512573
-0.0481375498784993 -0.0240622854151046 -0.00367611537749873 0.0057406241129458 -0.0345468993758964 -0.0320878945467906 -0.0067357339359548 -0.00935590549771031 0.00525252334789478 0.0394912795117878 -0.00706441167866206 0.0194268706633372
-0.0576961578618405 -0.0314863400473374 0.139033499492991 0.0644145415704212 0.0272285913804687 0.136877857212761 -0.0232209871467525 -0.00809323371265422 0.00145244394184329 0.0921889437439136 -0.050273126661948 0.00621948253723529
0.0312125487008237 -0.0179730541166275 -0.0377542781923999 -0.0253324423168526 0.0304460988414514 0.0591418064605933 -0.0436726302354403 -0.041635546090555 0.0697751936073833 0.0244310196963594 -0.038814939913929 -0.0465634695212141
-0.00237272672990035 0.00786440896869505 -0.00849060095720996 -0.0146861844430164 0.0126946433297034 -0.0303383066463904 0.00557931680952958 0.0137396830541103 -0.000157365298336805 0.000290593361663201 0.00585053953836111 -0.00697110275681457
-0.0505771931776834 0.0365300067022126 0.0558625479682353 -0.0484068297951697 -0.105620513744052 0.0571189194645066 0.163174131712969 0.00678348408157109 0.064123329214894 0.00497425697025456 -0.0801215105682015 -0.161043494422785
0.0136870764669589 0.00290089148268329 0.123714868077641 -0.0415343424131693 0.102538748170787 -0.133113212307185 -0.0768719131996342 -0.0218363675669042 -0.029108091280785 -0.0336889383852333 -0.0248029065334086 -0.0597969687707183
-0.018590426008999 0.0373353708575401 -0.0737201639683402 0.0301411687941073 -0.0164424055161105 0.0908578396530993 -0.00919980900690498 -0.0323176012596532 0.042138419771415 -0.0639161924981175 -0.040980274852342 -0.0104156299350736
-0.0117862965570888 -0.0566184026483775 0.013191455781535 -0.0880064343770842 0.046108838441873 -0.0105072015975356 -0.0371644528988437 -0.0299348901650387 0.135260141306934 0.0354612397332903 0.0448167264071542 0.0719848403472543
-0.0309421949344938 -0.0264018072790647 -0.0359853823438841 -0.0239408523394763 -0.131730151223909 0.0701179831018167 0.0809661772725818 -0.0334790900533859 0.00311227989156096 0.0102350830047689 0.0891492619009253 0.0784169229940188
0.0027896180678931 0.000675714585992434 0.00446292251396482 0.01637987808843 0.0334325320988388 0.0199908342634593 0.0378408916472695 0.0131799563325086 0.0216723634593878 -0.0141904743929867 0.0175809301897328 0.0310124948535883
0.0576666867048013 0.0116175748605435 -0.0413802832387612 0.0540326836037277 -0.012892826591834 -0.0568529876784634 -0.0890299576110659 -0.0725134308541723 0.0626881185672542 0.00129516418504653 -0.0716437643941586 0.0737322620704215
0.0843526615656501 0.00799785905890151 0.000940526106191443 0.0232834626157791 -0.0236744293613975 -0.032455468923658 0.00599036636408246 0.00774873181160484 0.0116748847991822 -0.00984586250476474 -0.0263483334478998 -0.000534287306715428
-0.126915439819199 -0.0218935293083802 -0.0275837171765435 -0.023398018043592 -0.0187437005156327 -0.0164800932867617 -0.0478342767582844 -0.025495469053156 -0.00392810213929009 0.0263344080957131 0.0303804619356276 -0.0187988942129739
0.00309727040181239 -0.0632832539373337 -0.0545176006633939 0.0722732324046897 -0.0159694348118464 -0.0401689091294726 0.0479412626127784 0.0119587997422864 -0.00838450093576586 0.147724143312439 -0.0286340893142807 0.0954631176674567
0.0351469208686995 -0.0965429937624603 -0.000995324665425459 -0.0285073520473112 0.0663094541805448 0.0422241926052597 -0.0528387669463142 0.0138155963234688 0.0221489974444309 -0.0630014052949226 0.0594159340867714 -0.0147139853756594
-0.0435017809511736 -0.049301075621202 0.107051480376968 -0.00204940820330112 0.0573977429068974 -0.169943970347932 0.0609372936049549 -0.0942909238695158 -0.0777050258175978 0.0707293530430764 -0.0319892513598198 -0.0874562369359032
0.0390117627559104 0.0713549712106935 -0.137769355367276 -0.0219856250153828 0.0109035027400609 -0.043289958378311 -0.0500454240137896 -0.0425865854340907 -0.0613913060019883 0.0715954783046414 -0.115288479726685 0.0555823167217369
-0.0872763027380785 -0.0244002908944053 -0.0540527684897308 -0.0449736670999999 0.0351178351360012 0.0251693347686856 -0.00417152157805331 0.00842901609670514 -0.070132946765547 0.0143596735043083 0.0108059658094793 0.000926246294110203
-0.0544893039803844 -0.0322261763832744 -0.0469184558484465 -0.0523661476765105 0.0108623007878014 -0.0282156870727371 -0.0484243157161078 -0.0065560954350918 -0.0484803139963461 0.00300668764402786 -0.00869145344083783 -0.0215284958747883
-0.0194452152522516 -0.00185942945117566 0.0143598331976006 -0.0159388922652275 0.0384091558305994 0.0435866999111659 0.00947136198254204 0.00421765592379986 -0.0401997010806248 -0.027341089105277 -0.000685433103044876 -0.00386687603437621
0.0342474019099821 -0.0625291965378602 0.0171149948466591 0.000744914455079721 0.0476821612593034 -0.0795809412784766 -0.113000504119896 -0.0533169770604071 -0.0196849682348881 0.00436487443205912 0.097765005840251 -0.0487609777815958
-0.000764577209822238 0.0983975803560805 0.0748990245652739 -0.0181319115454042 0.0308480288788013 -0.0462854912000436 -0.137713978540272 0.0112093127841713 -0.108977104579467 0.0579061803795679 -0.00232573433011178 -0.0158248384718229
0.0208186081405642 -0.0520871928080145 -0.0157264494325071 0.0645474498360159 -0.00826963171692051 0.0799085568901166 -0.0961830082203984 -0.0533524997210905 -0.0537872818663891 -0.140650046701005 0.0513277789385986 0.122252194248206
0.00410153684726055 -0.0454322905046453 -0.02943006342791 0.0538843353525243 0.00232523994998521 -0.0264024469220772 -0.013517937140267 0.0900732963410854 -0.0143709663198957 -0.0929247540086322 -0.0176458220600565 -0.151916443656018
0.0152962606785099 0.0312094387104276 -0.0594947378180925 0.0328881003382903 0.020527960839864 -0.0774878261559873 0.0819317500862787 -0.00753974813024723 0.01448633323741 -0.0940160596530353 -0.0135970168972794 0.00297213811894615
0.0161776310102003 0.0402501708559507 -0.0495395509212329 0.00850246761920698 -0.12966490461179 0.104211065075818 0.0767859850132527 0.00968215724368158 0.0326650899444522 -0.0279917623081505 -0.0105477242265075 0.112744967295717
-0.0572448603958017 -0.00351893823092998 0.00135582320968067 0.0170951788234944 0.0548809939159551 0.0536438829526016 0.0554226259570715 -0.00612472853479014 -0.00769809386943975 -0.0166022277490515 0.120953568317768 0.00574133012987789
-0.0383659314855762 -0.00412769674469281 0.0198859183431816 -0.0396927682722959 0.026148152179615 0.0373336929473553 0.0308326971403807 0.0831315313309154 0.0191610177880226 -0.0513398649345483 -0.0531480963992721 -0.120753262809421
-0.0291208041481869 -0.0271912443780365 -0.023255105515292 0.112001793194726 0.0613783504805284 -0.011451301602239 0.0989988789134746 0.0623441611071654 -0.0482531024456872 -0.0335381456640899 -0.0490472288859688 -0.027338791372468
0.0248316929891932 -0.00506202198139527 -0.00392654658555942 0.0106120809906944 0.00115783107056595 -0.0066261921386224 0.0186212702390556 0.00490533860548426 0.0187675170721291 -0.00481002069959665 -0.0117613820058416 0.017979989591039
-0.0559260922220414 0.00844030666407041 0.0278173961832099 -0.00172451596631126 0.0108242563174619 -0.0495054623015349 0.0233525049940043 0.0444536499361525 -0.0108144595272662 -0.0351914789403924 -0.0570014268572353 0.0328357575000321
0.0254622681276592 -0.151839231638857 -0.0354810618597067 -0.0923267062499358 0.0957941236927395 0.0458254424309526 0.0187841044988397 -0.0114790898962594 0.00338485800932646 0.0760667419956092 0.0396289837008813 -0.0963186444070662
0.0783469315389499 -0.0111309557883892 -0.0178950835796523 0.0124758896364185 0.0212621469490634 -0.0476329656607946 -0.0261658961528837 0.00535952350296031 -0.0243631095284652 0.00505005027501535 0.00364522729185523 -0.039843336487748
-0.0253446596184273 0.114901585926148 -0.0895382385388157 -0.0203434948991514 0.0325563108643377 -0.0169506359494899 0.0348773762546914 -0.0116530578245751 -0.0305156103093299 -0.0509732873268171 0.0460393338113402 -0.00782525587200354
-0.00489789173951224 -0.0570651478535672 -0.0610491816882357 0.0964779683460609 -0.0271504651989714 -0.00245325980963541 -0.134182548986621 0.133162249234712 -0.0355525907526444 0.132299235568775 -0.0683236160037222 -0.128104078349517
-0.015313613898542 -0.106244907056178 -0.0813582665522501 -0.0251162623780138 0.0362677932441462 -0.0694536344160295 0.0603722293563345 0.0281575749212759 -0.0524147156550039 0.0146372479997326 0.0252930311231559 -0.00664242788440675
0.00693274436620036 0.0109588401572528 -0.00317802270855239 -0.0045726765304862 0.0284832264538958 -0.00160858238668548 0.0052341470812244 0.0203270463762145 -0.0614925329433578 -0.0534292053246026 -0.0380503833073476 -0.0233153605207603
-0.017232916583688 -0.0311092903687475 -0.0168852138214946 0.00616768535326455 -0.0497119233131558 -0.0201457876854737 -0.0448310081389737 -0.0389004731629309 0.0490027593334965 0.000379353824949159 0.0292541549422288 -0.0536548803395203
-0.0182837758086209 0.00756392241614233 0.0122411501659621 0.0389736846962736 0.0245929584390532 -0.0544374335058614 0.096379384850314 -0.0451715216582376 0.0997893257241667 0.03248893631802 0.00472472917274871 -0.0087965099330074
-0.0121933398844247 0.00375639891190383 0.0358177530276057 0.0566420312794796 0.0182952015581959 0.0689402186400253 0.0266034564074757 0.0027107783559728 -0.0162297397381955 0.106406682726595 -0.0947798169116989 -0.0365830758854706
0.112402642117069 0.0564091865305292 0.0384292496680856 0.0152734437929776 0.00381271204265155 -0.00543828206792981 0.0333838967085006 0.0481483919156544 -0.00977454291945951 -0.027152673902268 -0.0458690317243599 0.0469662721560256
-0.00418456319870435 -0.0212561739626646 -0.0178351971330711 -0.0189740013326081 -0.0164233622428347 0.00807608551818226 -0.00806657016674018 -0.0153130299041405 -0.0423920657195157 0.00984124689431156 0.0152136020555934 0.00335293446150853
0.00916411292802885 -0.0717483501264202 -0.0288283548682153 -0.0413774144410004 -0.0159972761526849 -0.056977393983371 0.00205046758820303 0.0805927251457096 0.0442107452581792 -0.0542589454103328 -0.127382621778918 0.0481746094201144
-0.0882747211254229 -0.0501274665041549 -0.0290404266907924 -0.0195410291880201 -0.0513378516277809 -0.0457772179356733 -0.00428007848563402 0.0154260864058176 0.026177967008978 -0.00695797798209751 -0.0101097775545014 0.0379449446163787
0.0590339902216739 0.00964241776150287 -0.0336802888851849 -0.0209293346092819 0.0557833773759394 0.043252092226779 0.0310266294384232 0.0266652630371144 -0.0820225422916591 -0.0173536407484803 -0.0144080776906639 0.0138553638689953
0.00458517748461511 0.00151483671730935 0.035812330700031 -0.0129824057931495 -0.0506760357628934 -0.0246620559103622 -0.0377878208511014 0.0031211969897962 0.0153294308075403 0.00812856747284318 -0.00658767216423501 -0.00875705861348752
0.0394951985358319 0.0175034808417317 0.00523963392126506 0.0272504239942094 -0.0391615218266558 0.00375127114380342 -0.0309228595975597 0.0179029565867136 0.0517751820099812 0.00121174827651281 0.049949338106922 -0.0391928472227968
0.0632953654168983 0.000579421266082979 -0.00292143111739839 0.0150886919527277 0.0441287216128698 -0.00772619938627329 0.0454238149763205 0.0014826286008536 -0.0471068190265336 0.00320084340414556 -0.00586168688161588 -0.00195307111196674
-0.124210864969797 -0.0688064319113339 -0.0356705288218238 0.0109855971622807 -0.000949542468820203 0.0160123013875795 -0.00750069427227487 0.0380921528353761 -0.0797093336073682 0.0872053510981097 0.073280565883589 -0.105872303577102
0.0673277235308174 0.0811270442785527 0.0340583237313109 0.0510114408253621 -0.0268874349266962 -0.0715685858107365 -0.124846959274624 0.105909596088113 0.0346816503322279 -0.0505585929485928 0.0300974117660242 -0.0389566633861331
0.0524516960355646 -0.00621867910715463 -0.0160820886007539 -0.00790782282403057 -0.0239664915814904 -0.0359792213259197 -0.00808160525196667 -0.0160426920203458 -0.0136050444181827 0.000475810805717466 -0.0169431588277115 -0.00569443332161211
0.0227187368632828 0.0428282446098622 0.0535571083556732 0.053292948592456 -0.0588787314487704 0.0276619961166952 0.118383423468358 0.0691585741171883 -0.0982442534882668 0.0394063746941863 0.1225788756654 0.0974835577341829
0.023532173536825 -0.0110260995015763 -0.0787139046930087 -0.00453866034841039 -0.113696483771243 0.00769579633542337 -0.0418418294032602 -0.0123663920140587 0.0525241482280869 -0.0534040255843848 0.020670657890342 -0.0893614939022769
0.0407989595780732 -0.0886354933594906 -0.0470005474322232 0.10648326903876 0.168355107159861 -0.0683633787261612 -0.013405107961526 -0.0323474229186308 0.0626378665594679 0.0765575348051244 0.0788760742280295 0.100459675734123
0.0308119253907527 -0.011893672419944 -0.0148057396890412 0.11074243435237 -0.0216358531554183 0.00948549229073148 -0.0576597557701525 -0.0218566764464695 -0.0191840821228097 -0.0629956486232576 0.0572653463326734 0.00032519555577895
0.0538277279506893 0.0308529827822332 -0.0167129290458532 -0.000350996960713764 0.0225406839920056 0.0948482601837356 -0.103360865053305 -0.0304343868254399 -0.024211522977118 -0.00590664660082121 0.0280198556515034 0.111887708832326
-0.024183579293958 0.00831348765527935 -0.01765765109563 -0.0590718395537238 0.0670008192021066 -0.0571802956390646 0.0281391943651811 0.11281817511692 0.0119074622813457 0.053842706283256 -0.0372660763563179 0.00100530814964538
0.00891197267679448 0.0626520740662314 -0.0557187443861529 0.0298830434354163 0.0115054007582818 -0.0105637193899297 -0.00366452480546258 0.0241987920079303 0.0175226978152737 -0.047615871440803 -0.0166690809569173 -0.0155610370452269
0.0395998017133748 0.00417816404281803 -0.00336727713307898 0.00477255551591654 -0.0172587440533643 -0.0744061028122671 -0.0086948996028747 0.00224759332723532 0.0349785194151215 0.0112812386587308 -0.03341174875347 0.03123998964241
0.087843362075485 -0.114115583414104 -0.00349745960820306 -0.0365730138513095 -0.116017556017251 -0.0344023006403356 0.00237299370275658 -0.111880710257605 0.0479450793690507 -0.0789949275284646 0.0584396793597476 0.02882981176325
0.0938760905814902 0.0257585323998687 -0.0132711734868452 -0.0109033789970237 0.0237567306832935 0.00354794798658321 0.0406473380718811 -0.0100137153547747 -0.0542061599626761 -0.00997565565057415 -0.0470850405574861 -0.0534104457556236
0.0456593218890189 -0.0244729144484382 -0.0784696564048017 0.0370397546120677 -0.102770736218514 -0.0835425335184301 -0.0531216352616947 -0.0270743790211981 0.0137613539086054 -0.0556599348145621 -0.00882276347712481 -0.102955909819068
-0.0178565887256412 0.0596762299673909 0.0337066556079825 -0.0307901538377823 0.0643372397209949 -0.00390254283815339 0.00336359076154603 -0.0641792870273511 0.0492492222535234 0.196773415328593 0.109738201270834 -0.0465066420080227
-0.0341204011380491 0.0146716556430625 0.107634194729692 0.0638271582510099 -0.149292664814031 0.0609658932732827 0.0506523334175508 0.0483081988888783 -0.0130924521955434 0.0896931399656872 -0.103487827548 -0.0427703330894564
-0.0237507469194091 0.00274156962063175 0.0409156849709795 0.100580994788314 -0.0283487568310246 -0.0519857623478306 -0.0341503536219316 -0.0309824757807789 0.0252178352542006 0.0753325678724989 -0.0615849337762133 0.0622316301990354
-0.181550484996801 -0.0224394210492348 -0.0279818333889486 -0.00524128119405345 -0.0525114473783402 -0.0171504198773267 -0.0446042130366151 -0.0156649077729317 0.0330237634436451 0.0349104107996675 0.048593510274224 -0.00934820406485993
-0.0450485384395672 -0.0918424675624456 0.00544623218163825 0.00673036197868128 0.0425617733811404 0.0472609842588419 -0.0296539218938535 0.149307555940122 0.0511481968572608 0.0172484767475514 0.00259482809021434 -0.0438509107890258
0.0492969237822003 -0.0465607328089013 -0.148199774565131 -0.0455353129179558 0.0460703993658961 -0.0569688110322907 -0.0130013374816992 -0.0359848377675332 0.0237002428675655 0.0374890817097262 -0.0250859812206779 -0.0970129799354011
